   0.0000000000000000        47.204737185539670     
   5.0050050050050053E-002   47.146160665129209     
  0.10010010010010011        47.090883222062899     
  0.15015015015015015        47.038816973626240     
  0.20020020020020021        46.989875432992761     
  0.25025025025025027        46.943973494772280     
  0.30030030030030030        46.901027420656625     
  0.35035035035035039        46.860954825162395     
  0.40040040040040042        46.823674661470136     
  0.45045045045045046        46.789107207359912     
  0.50050050050050054        46.757174051242565     
  0.55055055055055058        46.727798078286455     
  0.60060060060060061        46.700903456639153     
  0.65065065065065064        46.676415623743843     
  0.70070070070070078        46.654261272749942     
  0.75075075075075082        46.634368339017577     
  0.80080080080080085        46.616665986715532     
  0.85085085085085088        46.601084595512347     
  0.90090090090090091        46.587555747359971     
  0.95095095095095106        46.576012213369928     
   1.0010010010010011        46.566387940781205     
   1.0510510510510511        46.558618040019866     
   1.1011011011011012        46.552638771849750     
   1.1511511511511512        46.548387534613930     
   1.2012012012012012        46.545802851566627     
   1.2512512512512513        46.544824358295145     
   1.3013013013013013        46.545392790231340     
   1.3513513513513515        46.547449970252586     
   1.4014014014014016        46.550938796371355     
   1.4514514514514516        46.555803229513444     
   1.5015015015015016        46.561988281384352     
   1.5515515515515517        46.569440002423363     
   1.6016016016016017        46.578105469844999     
   1.6516516516516517        46.587932775767470     
   1.7017017017017018        46.598871015427882     
   1.7517517517517518        46.610870275483435     
   1.8018018018018018        46.623881622398784     
   1.8518518518518519        46.637857090918750     
   1.9019019019019021        46.652749672626264     
   1.9519519519519521        46.668513304584906     
   2.0020020020020022        46.685102858066109     
   2.0520520520520522        46.702474127360148     
   2.1021021021021022        46.720583818671010     
   2.1521521521521523        46.739389539094311     
   2.2022022022022023        46.758849785678407     
   2.2522522522522523        46.778923934567885     
   2.3023023023023024        46.799572230229309     
   2.3523523523523524        46.820755774758787     
   2.4024024024024024        46.842436517271096     
   2.4524524524524525        46.864577243369759     
   2.5025025025025025        46.887141564697984     
   2.5525525525525525        46.910093908569934     
   2.6026026026026026        46.933399507682083     
   2.6526526526526526        46.957024389904163     
   2.7027027027027031        46.980935368149382     
   2.7527527527527531        47.005100030323767     
   2.8028028028028031        47.029486729353849     
   2.8528528528528532        47.054064573292827     
   2.9029029029029032        47.078803415504339     
   2.9529529529529532        47.103673844924018     
   3.0030030030030033        47.128647176397969     
   3.0530530530530533        47.153695441098336     
   3.1031031031031033        47.178791377014960     
   3.1531531531531534        47.203908419523508     
   3.2032032032032034        47.229020692029046     
   3.2532532532532534        47.254102996685290     
   3.3033033033033035        47.279130805188629     
   3.3533533533533535        47.304080249647093     
   3.4034034034034035        47.328928113523467     
   3.4534534534534536        47.353651822652608     
   3.5035035035035036        47.378229436332219     
   3.5535535535535536        47.402639638487045     
   3.6036036036036037        47.426861728906054     
   3.6536536536536537        47.450875614552103     
   3.7037037037037037        47.474661800944062     
   3.7537537537537542        47.498201383610670     
   3.8038038038038042        47.521476039616125     
   3.8538538538538543        47.544468019156838     
   3.9039039039039043        47.567160137229102     
   3.9539539539539543        47.589535765367373     
   4.0040040040040044        47.611578823452646     
   4.0540540540540544        47.633273771590900     
   4.1041041041041044        47.654605602060819     
   4.1541541541541545        47.675559831331029     
   4.2042042042042045        47.696122492145939     
   4.2542542542542545        47.716280125680264     
   4.3043043043043046        47.736019773761669     
   4.3543543543543546        47.755328971161276     
   4.4044044044044046        47.774195737951764     
   4.4544544544544546        47.792608571932568     
   4.5045045045045047        47.810556441121967     
   4.5545545545545547        47.828028776315726     
   4.6046046046046047        47.845015463711945     
   4.6546546546546548        47.861506837601645     
   4.7047047047047048        47.877493673125045     
   4.7547547547547548        47.892967179092992     
   4.8048048048048049        47.907918990873206     
   4.8548548548548549        47.922341163341109     
   4.9049049049049049        47.936226163894972     
   4.9549549549549550        47.949566865534734     
   5.0050050050050050        47.962356540004663     
   5.0550550550550550        47.974588850999027     
   5.1051051051051051        47.986257847430799     
   5.1551551551551551        47.997357956762968     
   5.2052052052052051        48.007883978402134     
   5.2552552552552552        48.017831077153836     
   5.3053053053053052        48.027194776739975     
   5.3553553553553561        48.035970953377024     
   5.4054054054054061        48.044155829415558     
   5.4554554554554562        48.051745967040439     
   5.5055055055055062        48.058738262031177     
   5.5555555555555562        48.065129937582455     
   5.6056056056056063        48.070918538184479     
   5.6556556556556563        48.076101923562362     
   5.7057057057057063        48.080678262675129     
   5.7557557557557564        48.084646027773019     
   5.8058058058058064        48.088003988513464     
   5.8558558558558564        48.090751206135238     
   5.9059059059059065        48.092887027690381     
   5.9559559559559565        48.094411080333657     
   6.0060060060060065        48.095323265669172     
   6.0560560560560566        48.095623754154026     
   6.1061061061061066        48.095312979558472     
   6.1561561561561566        48.094391633482253     
   6.2062062062062067        48.092860659927190     
   6.2562562562562567        48.090721249925167     
   6.3063063063063067        48.087974836221711     
   6.3563563563563568        48.084623088014311     
   6.4064064064064068        48.080667905745891     
   6.4564564564564568        48.076111415952397     
   6.5065065065065069        48.070955966164711     
   6.5565565565565569        48.065204119864383     
   6.6066066066066069        48.058858651492791     
   6.6566566566566570        48.051922541513676     
   6.7067067067067070        48.044398971528565     
   6.7567567567567570        48.036291319444828     
   6.8068068068068071        48.027603154696017     
   6.8568568568568571        48.018338233514427     
   6.9069069069069071        48.008500494255124     
   6.9569569569569571        47.998094052771663     
   7.0070070070070072        47.987123197842877     
   7.0570570570570572        47.975592386650426     
   7.1071071071071072        47.963506240307019     
   7.1571571571571573        47.950869539434962     
   7.2072072072072073        47.937687219794448     
   7.2572572572572573        47.923964367961716     
   7.3073073073073074        47.909706217056588     
   7.3573573573573574        47.894918142519025     
   7.4074074074074074        47.879605657934462     
   7.4574574574574575        47.863774410907872     
   7.5075075075075084        47.847430178985817     
   7.5575575575575584        47.830578865626507     
   7.6076076076076085        47.813226496217609     
   7.6576576576576585        47.795379214141327     
   7.7077077077077085        47.777043276886594     
   7.7577577577577586        47.758225052208033     
   7.8078078078078086        47.738931014331449     
   7.8578578578578586        47.719167740205599     
   7.9079079079079087        47.698941905799799     
   7.9579579579579587        47.678260282447290     
   8.0080080080080087        47.657129733233901     
   8.0580580580580587        47.635557209431930     
   8.1081081081081088        47.613549746978670     
   8.1581581581581588        47.591114462999727     
   8.2082082082082088        47.568258552376278     
   8.2582582582582589        47.544989284356589     
   8.3083083083083089        47.521313999211145     
   8.3583583583583589        47.497240104931137     
   8.4084084084084090        47.472775073970226     
   8.4584584584584590        47.447926440029157     
   8.5085085085085090        47.422701794882862     
   8.5585585585585591        47.397108785250076     
   8.6086086086086091        47.371155109704894     
   8.6586586586586591        47.344848515630083     
   8.7087087087087092        47.318196796212177     
   8.7587587587587592        47.291207787477326     
   8.8088088088088092        47.263889365368676     
   8.8588588588588593        47.236249442864107     
   8.9089089089089093        47.208295967134383     
   8.9589589589589593        47.180036916741763     
   9.0090090090090094        47.151480298878361     
   9.0590590590590594        47.122634146643854     
   9.1091091091091094        47.093506516363192     
   9.1591591591591595        47.064105484942772     
   9.2092092092092095        47.034439147266049     
   9.2592592592592595        47.004515613627120     
   9.3093093093093096        46.974343007203139     
   9.3593593593593596        46.943929461564558     
   9.4094094094094096        46.913283118223113     
   9.4594594594594597        46.882412124217581     
   9.5095095095095097        46.851324629736531     
   9.5595595595595597        46.820028785778355     
   9.6096096096096097        46.788532741847710     
   9.6596596596596598        46.756844643689043     
   9.7097097097097098        46.724972631055650     
   9.7597597597597598        46.692924835515313     
   9.8098098098098099        46.660709378291401     
   9.8598598598598599        46.628334368139427     
   9.9099099099099099        46.595807899259050     
   9.9599599599599600        46.563138049240720     
   10.010010010010010        46.530332877047378     
   10.060060060060060        46.497400421030463     
   10.110110110110110        46.464348696980096     
   10.160160160160160        46.431185696209475     
   10.210210210210210        46.397919383672587     
   10.260260260260260        46.364557696115718     
   10.310310310310310        46.331108540262257     
   10.360360360360360        46.297579791030152     
   10.410410410410410        46.263979289782220     
   10.460460460460460        46.230314842609218     
   10.510510510510510        46.196594218644769     
   10.560560560560560        46.162825148412473     
   10.610610610610610        46.129015322204836     
   10.660660660660660        46.095172388493467     
   10.710710710710712        46.061303952370920     
   10.760760760760762        46.027417574023232     
   10.810810810810812        45.993520767233321     
   10.860860860860862        45.959620997915245     
   10.910910910910912        45.925725682678056     
   10.960960960960962        45.891842187420764     
   11.011011011011012        45.857977825956084     
   11.061061061061062        45.824139858664495     
   11.111111111111112        45.790335491177395     
   11.161161161161163        45.756571873089342     
   11.211211211211213        45.722856096699381     
   11.261261261261263        45.689195195780833     
   11.311311311311313        45.655596144379558     
   11.361361361361363        45.622065855640514     
   11.411411411411413        45.588611180662269     
   11.461461461461463        45.555238907378978     
   11.511511511511513        45.521955759470288     
   11.561561561561563        45.488768395298159     
   11.611611611611613        45.455683406870968     
   11.661661661661663        45.422707318834199     
   11.711711711711713        45.389846587488016     
   11.761761761761763        45.357107599831018     
   11.811811811811813        45.324496672629770     
   11.861861861861863        45.292020051515401     
   11.911911911911913        45.259683910104272     
   11.961961961961963        45.227494349145424     
   12.012012012012013        45.195457395692848     
   12.062062062062063        45.163579002302484     
   12.112112112112113        45.131865046254269     
   12.162162162162163        45.100321328798913     
   12.212212212212213        45.068953574428797     
   12.262262262262263        45.037767430173012     
   12.312312312312313        45.006768464916384     
   12.362362362362363        44.975962168742548     
   12.412412412412413        44.945353952299492     
   12.462462462462463        44.914949146189826     
   12.512512512512513        44.884753000382688     
   12.562562562562563        44.854770683649527     
   12.612612612612613        44.825007283021847     
   12.662662662662663        44.795467803271954     
   12.712712712712714        44.766157166415219     
   12.762762762762764        44.737080211234961     
   12.812812812812814        44.708241692828565     
   12.862862862862864        44.679646282175881     
   12.912912912912914        44.651298565728133     
   12.962962962962964        44.623203045018656     
   13.013013013013014        44.595364136293796     
   13.063063063063064        44.567786170165988     
   13.113113113113114        44.540473391285509     
   13.163163163163164        44.513429958033939     
   13.213213213213214        44.486659942237026     
   13.263263263263264        44.460167328898123     
   13.313313313313314        44.433956015950528     
   13.363363363363364        44.408029814029689     
   13.413413413413414        44.382392446265015     
   13.463463463463464        44.357047548090293     
   13.513513513513514        44.331998667073492     
   13.563563563563564        44.307249262764657     
   13.613613613613614        44.282802706562897     
   13.663663663663664        44.258662281601346     
   13.713713713713714        44.234831182650403     
   13.763763763763764        44.211312516038518     
   13.813813813813814        44.188109299591432     
   13.863863863863864        44.165224462588064     
   13.913913913913914        44.142660845734170     
   13.963963963963964        44.120421201153363     
   14.014014014014014        44.098508192394675     
   14.064064064064064        44.076924394456633     
   14.114114114114114        44.055672293828664     
   14.164164164164164        44.034754288548179     
   14.214214214214214        44.014172688274222     
   14.264264264264265        43.993929714376897     
   14.314314314314315        43.974027500042467     
   14.364364364364365        43.954468090394506     
   14.414414414414415        43.935253442629843     
   14.464464464464465        43.916385426170457     
   14.514514514514515        43.897865822829665     
   14.564564564564565        43.879696326993766     
   14.614614614614615        43.861878545817852     
   14.664664664664665        43.844413999436853     
   14.714714714714715        43.827304121189840     
   14.764764764764765        43.810550257859362     
   14.814814814814815        43.794153669924228     
   14.864864864864865        43.778115531826366     
   14.914914914914915        43.762436932250814     
   14.964964964964967        43.747118874419755     
   15.015015015015017        43.732162276399421     
   15.065065065065067        43.717567971418958     
   15.115115115115117        43.703336708204880     
   15.165165165165167        43.689469151325646     
   15.215215215215217        43.675965881549459     
   15.265265265265267        43.662827396215334     
   15.315315315315317        43.650054109614963     
   15.365365365365367        43.637646353387439     
   15.415415415415417        43.625604376925509     
   15.465465465465467        43.613928347794086     
   15.515515515515517        43.602618352158835     
   15.565565565565567        43.591674395227415     
   15.615615615615617        43.581096401701124     
   15.665665665665667        43.570884216238134     
   15.715715715715717        43.561037603926820     
   15.765765765765767        43.551556250769849     
   15.815815815815817        43.542439764179058     
   15.865865865865867        43.533687673481381     
   15.915915915915917        43.525299430432405     
   15.965965965965967        43.517274409742306     
   16.016016016016017        43.509611909611337     
   16.066066066066067        43.502311152273599     
   16.116116116116117        43.495371284550671     
   16.166166166166168        43.488791378416877     
   16.216216216216218        43.482570431569222     
   16.266266266266268        43.476707368011382     
   16.316316316316318        43.471201038641844     
   16.366366366366368        43.466050221854672     
   16.416416416416418        43.461253624146288     
   16.466466466466468        43.456809880730681     
   16.516516516516518        43.452717556165233     
   16.566566566566568        43.448975144980921     
   16.616616616616618        43.445581072324046     
   16.666666666666668        43.442533694602723     
   16.716716716716718        43.439831300142700     
   16.766766766766768        43.437472109850432     
   16.816816816816818        43.435454277882826     
   16.866866866866868        43.433775892324483     
   16.916916916916918        43.432434975871885     
   16.966966966966968        43.431429486524067     
   17.017017017017018        43.430757318281039     
   17.067067067067068        43.430416301847188     
   17.117117117117118        43.430404205342498     
   17.167167167167168        43.430718735018623     
   17.217217217217218        43.431357535982258     
   17.267267267267268        43.432318192924384     
   17.317317317317318        43.433598230853661     
   17.367367367367368        43.435195115838596     
   17.417417417417418        43.437106255750869     
   17.467467467467468        43.439329001018912     
   17.517517517517518        43.441860645382569     
   17.567567567567568        43.444698426655435     
   17.617617617617618        43.447839527491297     
   17.667667667667668        43.451281076154466     
   17.717717717717719        43.455020147296707     
   17.767767767767769        43.459053762736886     
   17.817817817817819        43.463378892246475     
   17.867867867867869        43.467992454337782     
   17.917917917917919        43.472891317057766     
   17.967967967967969        43.478072298784653     
   18.018018018018019        43.483532169028969     
   18.068068068068069        43.489267649238457     
   18.118118118118119        43.495275413606976     
   18.168168168168169        43.501552089884562     
   18.218218218218219        43.508094260193928     
   18.268268268268269        43.514898461847928     
   18.318318318318319        43.521961188170707     
   18.368368368368369        43.529278889323351     
   18.418418418418419        43.536847973127969     
   18.468468468468469        43.544664805900247     
   18.518518518518519        43.552725713279976     
   18.568568568568569        43.561026981066341     
   18.618618618618619        43.569564856054377     
   18.668668668668669        43.578335546874001     
   18.718718718718719        43.587335224831918     
   18.768768768768769        43.596560024753231     
   18.818818818818819        43.606006045826589     
   18.868868868868869        43.615669352452592     
   18.918918918918919        43.625545975088031     
   18.968968968968969        43.635631911099743     
   19.019019019019019        43.645923125610658     
   19.069069069069069        43.656415552356151     
   19.119119119119119        43.667105094534016     
   19.169169169169169        43.677987625658616     
   19.219219219219219        43.689058990417877     
   19.269269269269270        43.700315005526527     
   19.319319319319320        43.711751460582811     
   19.369369369369370        43.723364118925112     
   19.419419419419420        43.735148718489640     
   19.469469469469470        43.747100972666097     
   19.519519519519520        43.759216571156642     
   19.569569569569570        43.771491180831781     
   19.619619619619620        43.783920446589725     
   19.669669669669670        43.796499992210613     
   19.719719719719720        43.809225421215714     
   19.769769769769770        43.822092317724042     
   19.819819819819820        43.835096247305245     
   19.869869869869870        43.848232757838787     
   19.919919919919920        43.861497380366458     
   19.969969969969970        43.874885629945538     
   20.020020020020020        43.888393006502824     
   20.070070070070070        43.902014995686464     
   20.120120120120120        43.915747069715735     
   20.170170170170170        43.929584688230264     
   20.220220220220220        43.943523299139692     
   20.270270270270270        43.957558339468484     
   20.320320320320320        43.971685236200692     
   20.370370370370370        43.985899407125835     
   20.420420420420420        44.000196261677480     
   20.470470470470470        44.014571201774174     
   20.520520520520520        44.029019622658140     
   20.570570570570570        44.043536913730428     
   20.620620620620620        44.058118459383039     
   20.670670670670670        44.072759639832817     
   20.720720720720720        44.087455831948951     
   20.770770770770770        44.102202410078526     
   20.820820820820821        44.116994746874283     
   20.870870870870871        44.131828214111344     
   20.920920920920921        44.146698183509905     
   20.970970970970971        44.161600027548886     
   21.021021021021021        44.176529120280676     
   21.071071071071071        44.191480838138375     
   21.121121121121121        44.206450560746497     
   21.171171171171171        44.221433671722380     
   21.221221221221221        44.236425559476913     
   21.271271271271271        44.251421618013126     
   21.321321321321321        44.266417247719318     
   21.371371371371374        44.281407856158822     
   21.421421421421424        44.296388858857853     
   21.471471471471475        44.311355680088063     
   21.521521521521525        44.326303753645846     
   21.571571571571575        44.341228523628061     
   21.621621621621625        44.356125445203119     
   21.671671671671675        44.370989985380128     
   21.721721721721725        44.385817623770777     
   21.771771771771775        44.400603853347683     
   21.821821821821825        44.415344181204048     
   21.871871871871875        44.430034129299429     
   21.921921921921925        44.444669235208423     
   21.971971971971975        44.459245052862883     
   22.022022022022025        44.473757153288631     
   22.072072072072075        44.488201125338065     
   22.122122122122125        44.502572576420022     
   22.172172172172175        44.516867133219634     
   22.222222222222225        44.531080442420944     
   22.272272272272275        44.545208171416355     
   22.322322322322325        44.559246009018452     
   22.372372372372375        44.573189666162349     
   22.422422422422425        44.587034876604136     
   22.472472472472475        44.600777397612845     
   22.522522522522525        44.614413010660144     
   22.572572572572575        44.627937522102300     
   22.622622622622625        44.641346763858593     
   22.672672672672675        44.654636594079157     
   22.722722722722725        44.667802897815676     
   22.772772772772775        44.680841587679566     
   22.822822822822825        44.693748604498985     
   22.872872872872875        44.706519917963874     
   22.922922922922925        44.719151527274640     
   22.972972972972975        44.731639461774208     
   23.023023023023026        44.743979781586035     
   23.073073073073076        44.756168578234700     
   23.123123123123126        44.768201975267829     
   23.173173173173176        44.780076128867933     
   23.223223223223226        44.791787228463328     
   23.273273273273276        44.803331497324848     
   23.323323323323326        44.814705193165544     
   23.373373373373376        44.825904608724606     
   23.423423423423426        44.836926072353286     
   23.473473473473476        44.847765948590492     
   23.523523523523526        44.858420638728461     
   23.573573573573576        44.868886581379471     
   23.623623623623626        44.879160253031749     
   23.673673673673676        44.889238168599000     
   23.723723723723726        44.899116881958712     
   23.773773773773776        44.908792986496231     
   23.823823823823826        44.918263115628285     
   23.873873873873876        44.927523943327344     
   23.923923923923926        44.936572184639481     
   23.973973973973976        44.945404596188872     
   24.024024024024026        44.954017976680724     
   24.074074074074076        44.962409167400779     
   24.124124124124126        44.970575052696091     
   24.174174174174176        44.978512560459762     
   24.224224224224226        44.986218662603619     
   24.274274274274276        44.993690375523677     
   24.324324324324326        45.000924760559776     
   24.374374374374376        45.007918924447161     
   24.424424424424426        45.014670019759293     
   24.474474474474476        45.021175245348402     
   24.524524524524526        45.027431846773517     
   24.574574574574577        45.033437116717330     
   24.624624624624627        45.039188395410683     
   24.674674674674677        45.044683071033425     
   24.724724724724727        45.049918580112461     
   24.774774774774777        45.054892407918715     
   24.824824824824827        45.059602088849772     
   24.874874874874877        45.064045206805915     
   24.924924924924927        45.068219395557051     
   24.974974974974977        45.072122339107977     
   25.025025025025027        45.075751772051206     
   25.075075075075077        45.079105479910467     
   25.125125125125127        45.082181299480141     
   25.175175175175177        45.084977119155795     
   25.225225225225227        45.087490879254148     
   25.275275275275277        45.089720572332197     
   25.325325325325327        45.091664243487799     
   25.375375375375377        45.093319990661442     
   25.425425425425427        45.094685964929113     
   25.475475475475477        45.095760370775025     
   25.525525525525527        45.096541466378810     
   25.575575575575577        45.097027563873809     
   25.625625625625627        45.097217029607066     
   25.675675675675677        45.097108284390998     
   25.725725725725727        45.096699803740208     
   25.775775775775777        45.095990118117783     
   25.825825825825827        45.094977813142748     
   25.875875875875877        45.093661529823876     
   25.925925925925927        45.092039964764766     
   25.975975975975977        45.090111870354789     
   26.026026026026027        45.087876054975553     
   26.076076076076077        45.085331383181767     
   26.126126126126128        45.082476775873303     
   26.176176176176178        45.079311210466400     
   26.226226226226228        45.075833721052632     
   26.276276276276278        45.072043398552154     
   26.326326326326328        45.067939390855912     
   26.376376376376378        45.063520902958260     
   26.426426426426428        45.058787197086886     
   26.476476476476478        45.053737592819687     
   26.526526526526528        45.048371467192567     
   26.576576576576578        45.042688254805014     
   26.626626626626628        45.036687447906118     
   26.676676676676678        45.030368596489609     
   26.726726726726728        45.023731308359572     
   26.776776776776778        45.016775249204244     
   26.826826826826828        45.009500142655170     
   26.876876876876878        45.001905770333281     
   26.926926926926928        44.993991971896989     
   26.976976976976978        44.985758645079244     
   27.027027027027028        44.977205745698484     
   27.077077077077078        44.968333287694264     
   27.127127127127128        44.959141343122127     
   27.177177177177178        44.949630042164756     
   27.227227227227228        44.939799573113220     
   27.277277277277278        44.929650182359296     
   27.327327327327328        44.919182174368416     
   27.377377377377378        44.908395911641747     
   27.427427427427428        44.897291814679448     
   27.477477477477478        44.885870361928937     
   27.527527527527528        44.874132089730068     
   27.577577577577578        44.862077592239388     
   27.627627627627628        44.849707521361609     
   27.677677677677679        44.837022586667217     
   27.727727727727729        44.824023555294559     
   27.777777777777779        44.810711251851728     
   27.827827827827829        44.797086558310355     
   27.877877877877879        44.783150413887768     
   27.927927927927929        44.768903814915603     
   27.977977977977979        44.754347814715572     
   28.028028028028029        44.739483523446296     
   28.078078078078079        44.724312107963783     
   28.128128128128129        44.708834791651412     
   28.178178178178179        44.693052854266824     
   28.228228228228229        44.676967631750784     
   28.278278278278279        44.660580516057337     
   28.328328328328329        44.643892954951781     
   28.378378378378379        44.626906451818996     
   28.428428428428429        44.609622565445420     
   28.478478478478479        44.592042909814893     
   28.528528528528529        44.574169153872930     
   28.578578578578579        44.556003021300114     
   28.628628628628629        44.537546290269262     
   28.678678678678679        44.518800793197585     
   28.728728728728729        44.499768416491690     
   28.778778778778779        44.480451100271239     
   28.828828828828829        44.460850838114681     
   28.878878878878879        44.440969676766656     
   28.928928928928929        44.420809715839283     
   28.978978978978979        44.400373107542549     
   29.029029029029029        44.379662056352657     
   29.079079079079079        44.358678818714367     
   29.129129129129129        44.337425702709993     
   29.179179179179179        44.315905067745092     
   29.229229229229230        44.294119324194185     
   29.279279279279280        44.272070933072968     
   29.329329329329330        44.249762405682475     
   29.379379379379380        44.227196303234678     
   29.429429429429430        44.204375236510657     
   29.479479479479480        44.181301865462501     
   29.529529529529530        44.157978898846466     
   29.579579579579580        44.134409093822569     
   29.629629629629630        44.110595255567603     
   29.679679679679680        44.086540236859321     
   29.729729729729730        44.062246937670977     
   29.779779779779780        44.037718304744430     
   29.829829829829830        44.012957331173766     
   29.879879879879880        43.987967055963168     
   29.929929929929934        43.962750563575639     
   29.979979979979984        43.937310983513044     
   30.030030030030034        43.911651489821224     
   30.080080080080084        43.885775300651744     
   30.130130130130134        43.859685677790594     
   30.180180180180184        43.833385926165590     
   30.230230230230234        43.806879393375766     
   30.280280280280284        43.780169469189502     
   30.330330330330334        43.753259585054650     
   30.380380380380384        43.726153213580687     
   30.430430430430434        43.698853868038782     
   30.480480480480484        43.671365101832407     
   30.530530530530534        43.643690507972337     
   30.580580580580584        43.615833718555052     
   30.630630630630634        43.587798404205159     
   30.680680680680684        43.559588273536519     
   30.730730730730734        43.531207072608424     
   30.780780780780784        43.502658584350115     
   30.830830830830834        43.473946628007582     
   30.880880880880884        43.445075058566999     
   30.930930930930934        43.416047766164354     
   30.980980980980984        43.386868675531048     
   31.031031031031034        43.357541745361516     
   31.081081081081084        43.328070967756673     
   31.131131131131134        43.298460367583914     
   31.181181181181184        43.268714001894409     
   31.231231231231234        43.238835959293112     
   31.281281281281284        43.208830359328829     
   31.331331331331334        43.178701351848076     
   31.381381381381384        43.148453116382484     
   31.431431431431434        43.118089861496287     
   31.481481481481485        43.087615824143825     
   31.531531531531535        43.057035269023856     
   31.581581581581585        43.026352487918530     
   31.631631631631635        42.995571799031097     
   31.681681681681685        42.964697546338130     
   31.731731731731735        42.933734098874822     
   31.781781781781785        42.902685850102273     
   31.831831831831835        42.871557217201541     
   31.881881881881885        42.840352640380388     
   31.931931931931935        42.809076582203261     
   31.981981981981985        42.777733526870065     
   32.032032032032035        42.746327979524608     
   32.082082082082081        42.714864465546384     
   32.132132132132135        42.683347529832986     
   32.182182182182181        42.651781736078192     
   32.232232232232235        42.620171666066653     
   32.282282282282281        42.588521918938227     
   32.332332332332335        42.556837110447759     
   32.382382382382382        42.525121872232944     
   32.432432432432435        42.493380851088318     
   32.482482482482482        42.461618708203673     
   32.532532532532535        42.429840118429411     
   32.582582582582582        42.398049769498130     
   32.632632632632635        42.366252361304191     
   32.682682682682682        42.334452605115871     
   32.732732732732735        42.302655222824683     
   32.782782782782782        42.270864946164920     
   32.832832832832835        42.239086515948770     
   32.882882882882882        42.207324681284376     
   32.932932932932935        42.175584198810725     
   32.982982982982982        42.143869831905931     
   33.033033033033036        42.112186349884155     
   33.083083083083082        42.080538527238446     
   33.133133133133136        42.048931142829588     
   33.183183183183182        42.017368979078810     
   33.233233233233236        41.985856821193124     
   33.283283283283282        41.954399456347232     
   33.333333333333336        41.923001672883856     
   33.383383383383382        41.891668259501785     
   33.433433433433436        41.860404004456427     
   33.483483483483482        41.829213694732630     
   33.533533533533536        41.798102115242841     
   33.583583583583582        41.767074047998904     
   33.633633633633636        41.736134271292258     
   33.683683683683682        41.705287558883697     
   33.733733733733736        41.674538679158786     
   33.783783783783782        41.643892394325462     
   33.833833833833836        41.613353459568089     
   33.883883883883883        41.582926622221521     
   33.933933933933936        41.552616620932895     
   33.983983983983983        41.522428184853652     
   34.034034034034036        41.492366032761652     
   34.084084084084083        41.462434872277868     
   34.134134134134136        41.432639398978608     
   34.184184184184190        41.402984295592205     
   34.234234234234236        41.373474231122373     
   34.284284284284290        41.344113860052289     
   34.334334334334336        41.314907821475913     
   34.384384384384390        41.285860738242377     
   34.434434434434436        41.256977216152450     
   34.484484484484490        41.228261843077235     
   34.534534534534536        41.199719188124959     
   34.584584584584590        41.171353800805946     
   34.634634634634637        41.143170210172457     
   34.684684684684690        41.115172923999580     
   34.734734734734737        41.087366427893357     
   34.784784784784790        41.059755184491905     
   34.834834834834837        41.032343632595598     
   34.884884884884890        41.005136186335903     
   34.934934934934937        40.978137234304540     
   34.984984984984990        40.951351138748123     
   35.035035035035037        40.924782234698569     
   35.085085085085090        40.898434829132157     
   35.135135135135137        40.872313200134386     
   35.185185185185190        40.846421596073242     
   35.235235235235237        40.820764234707667     
   35.285285285285291        40.795345302434043     
   35.335335335335337        40.770168953356688     
   35.385385385385391        40.745239308528426     
   35.435435435435437        40.720560455068608     
   35.485485485485491        40.696136445350021     
   35.535535535535537        40.671971296165111     
   35.585585585585591        40.648068987911074     
   35.635635635635637        40.624433463719924     
   35.685685685685691        40.601068628704525     
   35.735735735735737        40.577978349059322     
   35.785785785785791        40.555166451322975     
   35.835835835835837        40.532636721458402     
   35.885885885885891        40.510392904154287     
   35.935935935935937        40.488438701932637     
   35.985985985985991        40.466777774356842     
   36.036036036036037        40.445413737255876     
   36.086086086086091        40.424350161881648     
   36.136136136136138        40.403590574135706     
   36.186186186186191        40.383138453786387     
   36.236236236236238        40.362997233637316     
   36.286286286286291        40.343170298770019     
   36.336336336336338        40.323660985752895     
   36.386386386386391        40.304472581859727     
   36.436436436436438        40.285608324291161     
   36.486486486486491        40.267071399418683     
   36.536536536536538        40.248864941992224     
   36.586586586586591        40.230992034394149     
   36.636636636636638        40.213455705885053     
   36.686686686686691        40.196258931845932     
   36.736736736736738        40.179404633023296     
   36.786786786786791        40.162895674786569     
   36.836836836836838        40.146734866419138     
   36.886886886886892        40.130924960334823     
   36.936936936936938        40.115468651400761     
   36.986986986986992        40.100368576195024     
   37.037037037037038        40.085627312280849     
   37.087087087087092        40.071247377528834     
   37.137137137137138        40.057231229363651     
   37.187187187187192        40.043581264144223     
   37.237237237237238        40.030299816392699     
   37.287287287287292        40.017389158156448     
   37.337337337337338        40.004851498322751     
   37.387387387387392        39.992688981951005     
   37.437437437437438        39.980903689604474     
   37.487487487487492        39.969497636697042     
   37.537537537537538        39.958472772843379     
   37.587587587587592        39.947830981210018     
   37.637637637637638        39.937574077910540     
   37.687687687687692        39.927703811351421     
   37.737737737737739        39.918221861626307     
   37.787787787787792        39.909129839890738     
   37.837837837837839        39.900429287797806     
   37.887887887887892        39.892121676865145     
   37.937937937937939        39.884208407908091     
   37.987987987987992        39.876690810463515     
   38.038038038038039        39.869570142243674     
   38.088088088088092        39.862847588531167     
   38.138138138138139        39.856524261674167     
   38.188188188188192        39.850601200522760     
   38.238238238238239        39.845079369923042     
   38.288288288288292        39.839959660151180     
   38.338338338338339        39.835242886457308     
   38.388388388388393        39.830929788552112     
   38.438438438438439        39.827021030091146     
   38.488488488488493        39.823517198222362     
   38.538538538538539        39.820418803089069     
   38.588588588588593        39.817726277418842     
   38.638638638638639        39.815439976009657     
   38.688688688688693        39.813560175365637     
   38.738738738738739        39.812087073235034     
   38.788788788788793        39.811020788177757     
   38.838838838838839        39.810361359199305     
   38.888888888888893        39.810108745335583     
   38.938938938938939        39.810262825301834     
   38.988988988988993        39.810823397097920     
   39.039039039039039        39.811790177654984     
   39.089089089089093        39.813162802524857     
   39.139139139139139        39.814940825499434     
   39.189189189189193        39.817123718378753     
   39.239239239239240        39.819710870523068     
   39.289289289289293        39.822701588748714     
   39.339339339339340        39.826095096882455     
   39.389389389389393        39.829890535596405     
   39.439439439439440        39.834086962137917     
   39.489489489489493        39.838683350082647     
   39.539539539539540        39.843678589090814     
   39.589589589589593        39.849071484723936     
   39.639639639639640        39.854860758300674     
   39.689689689689693        39.861045046621257     
   39.739739739739740        39.867622901846062     
   39.789789789789793        39.874592791377381     
   39.839839839839840        39.881953097674796     
   39.889889889889893        39.889702118158311     
   39.939939939939940        39.897838065110136     
   39.989989989989994        39.906359065577817     
   40.040040040040040        39.915263161302846     
   40.090090090090094        39.924548308657904     
   40.140140140140140        39.934212378635493     
   40.190190190190194        39.944253156783816     
   40.240240240240240        39.954668343226786     
   40.290290290290294        39.965455552654021     
   40.340340340340340        39.976612314378144     
   40.390390390390394        39.988136072356156     
   40.440440440440440        40.000024185252187     
   40.490490490490494        40.012273926527087     
   40.540540540540540        40.024882484502541     
   40.590590590590594        40.037846962525236     
   40.640640640640640        40.051164379065085     
   40.690690690690694        40.064831667905310     
   40.740740740740740        40.078845678218840     
   40.790790790790794        40.093203174904829     
   40.840840840840841        40.107900838639125     
   40.890890890890894        40.122935266217155     
   40.940940940940941        40.138302970743553     
   40.990990990990994        40.154000381930928     
   41.041041041041041        40.170023846326785     
   41.091091091091094        40.186369627720524     
   41.141141141141141        40.203033907352165     
   41.191191191191194        40.220012784331175     
   41.241241241241241        40.237302275984803     
   41.291291291291294        40.254898318260075     
   41.341341341341341        40.272796766106239     
   41.391391391391394        40.290993393926783     
   41.441441441441441        40.309483895989615     
   41.491491491491495        40.328263886963668     
   41.541541541541541        40.347328902355002     
   41.591591591591595        40.366674399097974     
   41.641641641641641        40.386295755975880     
   41.691691691691695        40.406188274299893     
   41.741741741741741        40.426347178419746     
   41.791791791791795        40.446767616377656     
   41.841841841841841        40.467444660493129     
   41.891891891891895        40.488373308046903     
   41.941941941941941        40.509548481968523     
   41.991991991991995        40.530965031489359     
   42.042042042042041        40.552617732918407     
   42.092092092092095        40.574501290357148     
   42.142142142142141        40.596610336472622     
   42.192192192192195        40.618939433359628     
   42.242242242242241        40.641483073262862     
   42.292292292292295        40.664235679487319     
   42.342342342342342        40.687191607267778     
   42.392392392392395        40.710345144643725     
   42.442442442442442        40.733690513417059     
   42.492492492492495        40.757221870081594     
   42.542542542542542        40.780933306770748     
   42.592592592592595        40.804818852341668     
   42.642642642642642        40.828872473318370     
   42.692692692692695        40.853088075004052     
   42.742742742742749        40.877459502563397     
   42.792792792792795        40.901980542088495     
   42.842842842842849        40.926644921761181     
   42.892892892892895        40.951446313037195     
   42.942942942942949        40.976378331872183     
   42.992992992992995        41.001434539832189     
   43.043043043043049        41.026608445437887     
   43.093093093093096        41.051893505464250     
   43.143143143143149        41.077283126127440     
   43.193193193193196        41.102770664576383     
   43.243243243243249        41.128349430142407     
   43.293293293293296        41.154012685813541     
   43.343343343343349        41.179753649592385     
   43.393393393393396        41.205565496016789     
   43.443443443443449        41.231441357625044     
   43.493493493493496        41.257374326451099     
   43.543543543543549        41.283357455582518     
   43.593593593593596        41.309383760835772     
   43.643643643643649        41.335446222156861     
   43.693693693693696        41.361537785505789     
   43.743743743743750        41.387651364347221     
   43.793793793793796        41.413779841474025     
   43.843843843843850        41.439916070666186     
   43.893893893893896        41.466052878502524     
   43.943943943943950        41.492183066245161     
   43.993993993993996        41.518299411463886     
   44.044044044044050        41.544394670127076     
   44.094094094094096        41.570461578383402     
   44.144144144144150        41.596492854562712     
   44.194194194194196        41.622481201085975     
   44.244244244244250        41.648419306568940     
   44.294294294294296        41.674299847744805     
   44.344344344344350        41.700115491587894     
   44.394394394394396        41.725858897510989     
   44.444444444444450        41.751522719395325     
   44.494494494494496        41.777099607793389     
   44.544544544544550        41.802582212205380     
   44.594594594594597        41.827963183287466     
   44.644644644644650        41.853235175144619     
   44.694694694694697        41.878390847676201     
   44.744744744744750        41.903422868929738     
   44.794794794794797        41.928323917504713     
   44.844844844844850        41.953086684993650     
   44.894894894894897        41.977703878396824     
   44.944944944944950        42.002168222828004     
   44.994994994994997        42.026472463736354     
   45.045045045045050        42.050609369915946     
   45.095095095095097        42.074571735721292     
   45.145145145145150        42.098352384044119     
   45.195195195195197        42.121944168841765     
   45.245245245245250        42.145339977979347     
   45.295295295295297        42.168532735957342     
   45.345345345345351        42.191515406788312     
   45.395395395395397        42.214280996817251     
   45.445445445445451        42.236822557671985     
   45.495495495495497        42.259133189156273     
   45.545545545545551        42.281206042316626     
   45.595595595595597        42.303034322410895     
   45.645645645645651        42.324611291975089     
   45.695695695695697        42.345930273995691     
   45.745745745745751        42.366984655011038     
   45.795795795795797        42.387767888352755     
   45.845845845845851        42.408273497332630     
   45.895895895895897        42.428495078542255     
   45.945945945945951        42.448426305283647     
   45.995995995995997        42.468060930777938     
   46.046046046046051        42.487392791670572     
   46.096096096096097        42.506415811534680     
   46.146146146146151        42.525124004174359     
   46.196196196196198        42.543511477471839     
   46.246246246246251        42.561572436767165     
   46.296296296296298        42.579301188514364     
   46.346346346346351        42.596692144012195     
   46.396396396396398        42.613739823156720     
   46.446446446446451        42.630438858190246     
   46.496496496496498        42.646783997455714     
   46.546546546546551        42.662770109396661     
   46.596596596596598        42.678392186347992     
   46.646646646646651        42.693645348606879     
   46.696696696696698        42.708524848272646     
   46.746746746746751        42.723026073586880     
   46.796796796796798        42.737144552746031     
   46.846846846846852        42.750875958196048     
   46.896896896896898        42.764216110888810     
   46.946946946946952        42.777160984365764     
   46.996996996996998        42.789706709223537     
   47.047047047047052        42.801849577423127     
   47.097097097097098        42.813586046555429     
   47.147147147147152        42.824912744461471     
   47.197197197197198        42.835826473754423     
   47.247247247247252        42.846324216092398     
   47.297297297297298        42.856403137189773     
   47.347347347347352        42.866060591119094     
   47.397397397397398        42.875294125147775     
   47.447447447447452        42.884101484565690     
   47.497497497497498        42.892480617399997     
   47.547547547547552        42.900429679300942     
   47.597597597597598        42.907947038436760     
   47.647647647647652        42.915031280541371     
   47.697697697697699        42.921681213803822     
   47.747747747747752        42.927895874061505     
   47.797797797797799        42.933674529884229     
   47.847847847847852        42.939016687660114     
   47.897897897897899        42.943922097087125     
   47.947947947947952        42.948390756102526     
   47.997997997997999        42.952422916625437     
   48.048048048048052        42.956019089580877     
   48.098098098098099        42.959180050707801     
   48.148148148148152        42.961906845783233     
   48.198198198198199        42.964200796383011     
   48.248248248248252        42.966063505336933     
   48.298298298298299        42.967496862625921     
   48.348348348348352        42.968503050964500     
   48.398398398398399        42.969084551670676     
   48.448448448448453        42.969244150430313     
   48.498498498498499        42.968984943372561     
   48.548548548548553        42.968310342863333     
   48.598598598598599        42.967224083718975     
   48.648648648648653        42.965730229103428     
   48.698698698698699        42.963833176840126     
   48.748748748748753        42.961537665616561     
   48.798798798798799        42.958848781085180     
   48.848848848848853        42.955771962351719     
   48.898898898898899        42.952313008412602     
   48.948948948948953        42.948478084381350     
   48.998998998998999        42.944273728307962     
   49.049049049049053        42.939706857470810     
   49.099099099099099        42.934784775146909     
   49.149149149149153        42.929515177356734     
   49.199199199199199        42.923906159583566     
   49.249249249249253        42.917966223538315     
   49.299299299299300        42.911704284155348     
   49.349349349349353        42.905129676450088     
   49.399399399399400        42.898252162587596     
   49.449449449449453        42.891081938993011     
   49.499499499499500        42.883629643456516     
   49.549549549549553        42.875906362285605     
   49.599599599599600        42.867923637808417     
   49.649649649649653        42.859693475373206     
   49.699699699699700        42.851228351071768     
   49.749749749749753        42.842541219051782     
   49.799799799799800        42.833645518971025     
   49.849849849849853        42.824555183939083     
   49.899899899899900        42.815284647804219     
   49.949949949949954        42.805848853226053     
   50.000000000000000        42.796263259220723     
   50.050050050050054        42.786543849142618     
