   10.000000000000000        1.7947749999999998E-002
   10.045045045045045        1.8079812618260745E-002
   10.090090090090090        1.8213175224523506E-002
   10.135135135135135        1.8347833338597713E-002
   10.180180180180180        1.8483782137926490E-002
   10.225225225225225        1.8621016462632180E-002
   10.270270270270270        1.8759530820538127E-002
   10.315315315315315        1.8899319392167324E-002
   10.360360360360360        1.9040376035715734E-002
   10.405405405405405        1.9182694292003030E-002
   10.450450450450450        1.9326267389398820E-002
   10.495495495495495        1.9471088248724431E-002
   10.540540540540540        1.9617149488131154E-002
   10.585585585585585        1.9764443427954463E-002
   10.630630630630630        1.9912962095542216E-002
   10.675675675675675        2.0062697230061551E-002
   10.720720720720720        2.0213640287278397E-002
   10.765765765765765        2.0365782444314355E-002
   10.810810810810811        2.0519114604378663E-002
   10.855855855855856        2.0673627401475339E-002
   10.900900900900901        2.0829311205085715E-002
   10.945945945945946        2.0986156124827259E-002
   10.990990990990991        2.1144152015085491E-002
   11.036036036036036        2.1303288479624278E-002
   11.081081081081081        2.1463554876167978E-002
   11.126126126126126        2.1624940320961766E-002
   11.171171171171171        2.1787433693303847E-002
   11.216216216216216        2.1951023640056563E-002
   11.261261261261261        2.2115698580128608E-002
   11.306306306306306        2.2281446708935254E-002
   11.351351351351351        2.2448256002831037E-002
   11.396396396396396        2.2616114223519491E-002
   11.441441441441441        2.2785008922436213E-002
   11.486486486486486        2.2954927445107350E-002
   11.531531531531531        2.3125856935482310E-002
   11.576576576576576        2.3297784340242021E-002
   11.621621621621621        2.3470696413081270E-002
   11.666666666666666        2.3644579718965372E-002
   11.711711711711711        2.3819420638362399E-002
   11.756756756756756        2.3995205371448974E-002
   11.801801801801801        2.4171919942291370E-002
   11.846846846846846        2.4349550203000350E-002
   11.891891891891891        2.4528081837861780E-002
   11.936936936936936        2.4707500367439576E-002
   11.981981981981981        2.4887791152655131E-002
   12.027027027027026        2.5068939398839984E-002
   12.072072072072071        2.5250930159763207E-002
   12.117117117117116        2.5433748341633516E-002
   12.162162162162161        2.5617378707074295E-002
   12.207207207207208        2.5801805879074352E-002
   12.252252252252251        2.5987014344912598E-002
   12.297297297297298        2.6172988460056393E-002
   12.342342342342342        2.6359712452034799E-002
   12.387387387387388        2.6547170424285609E-002
   12.432432432432432        2.6735346359976923E-002
   12.477477477477478        2.6924224125802171E-002
   12.522522522522522        2.7113787475750287E-002
   12.567567567567568        2.7304020054849189E-002
   12.612612612612612        2.7494905402883695E-002
   12.657657657657658        2.7686426958087644E-002
   12.702702702702702        2.7878568060809898E-002
   12.747747747747749        2.8071311957155010E-002
   12.792792792792792        2.8264641802596309E-002
   12.837837837837839        2.8458540665565409E-002
   12.882882882882882        2.8652991531014260E-002
   12.927927927927929        2.8847977303951028E-002
   12.972972972972972        2.9043480812951272E-002
   13.018018018018019        2.9239484813642039E-002
   13.063063063063062        2.9435971992160161E-002
   13.108108108108109        2.9632924968585567E-002
   13.153153153153152        2.9830326300346845E-002
   13.198198198198199        3.0028158485602717E-002
   13.243243243243242        3.0226403966595899E-002
   13.288288288288289        3.0425045132982345E-002
   13.333333333333332        3.0624064325133600E-002
   13.378378378378379        3.0823443837413238E-002
   13.423423423423422        3.1023165921427821E-002
   13.468468468468469        3.1223212789251786E-002
   13.513513513513512        3.1423566616625785E-002
   13.558558558558559        3.1624209546129579E-002
   13.603603603603602        3.1825123690329138E-002
   13.648648648648649        3.2026291134897328E-002
   13.693693693693694        3.2227693941708643E-002
   13.738738738738739        3.2429314151908778E-002
   13.783783783783784        3.2631133788956997E-002
   13.828828828828829        3.2833134861643992E-002
   13.873873873873874        3.3035299367082896E-002
   13.918918918918919        3.3237609293674655E-002
   13.963963963963964        3.3440046624047461E-002
   14.009009009009009        3.3642593337970761E-002
   14.054054054054053        3.3845231415242892E-002
   14.099099099099099        3.4047942838553155E-002
   14.144144144144143        3.4250709596317916E-002
   14.189189189189189        3.4453513685491169E-002
   14.234234234234233        3.4656337114349178E-002
   14.279279279279280        3.4859161905249229E-002
   14.324324324324325        3.5061970097363095E-002
   14.369369369369370        3.5264743749384139E-002
   14.414414414414415        3.5467464942209398E-002
   14.459459459459460        3.5670115781595652E-002
   14.504504504504505        3.5872678400789677E-002
   14.549549549549550        3.6075134963133304E-002
   14.594594594594595        3.6277467664642835E-002
   14.639639639639640        3.6479658736562372E-002
   14.684684684684685        3.6681690447892303E-002
   14.729729729729730        3.6883545107891900E-002
   14.774774774774775        3.7085205068556448E-002
   14.819819819819820        3.7286652727069117E-002
   14.864864864864865        3.7487870528227114E-002
   14.909909909909910        3.7688840966842739E-002
   14.954954954954955        3.7889546590119061E-002
   15.000000000000000        3.8089970000000001E-002
   15.045045045045045        3.8290093855495366E-002
   15.090090090090090        3.8489900874980630E-002
   15.135135135135135        3.8689373838471396E-002
   15.180180180180180        3.8888495589872792E-002
   15.225225225225225        3.9087249039203499E-002
   15.270270270270270        3.9285617164794916E-002
   15.315315315315315        3.9483583015465271E-002
   15.360360360360360        3.9681129712668343E-002
   15.405405405405405        3.9878240452617682E-002
   15.450450450450450        4.0074898508385408E-002
   15.495495495495495        4.0271087231976539E-002
   15.540540540540540        4.0466790056378280E-002
   15.585585585585585        4.0661990497584115E-002
   15.630630630630630        4.0856672156593762E-002
   15.675675675675675        4.1050818721388153E-002
   15.720720720720720        4.1244413968879318E-002
   15.765765765765765        4.1437441766836350E-002
   15.810810810810811        4.1629886075785993E-002
   15.855855855855856        4.1821730950889494E-002
   15.900900900900901        4.2012960543794164E-002
   15.945945945945946        4.2203559104461157E-002
   15.990990990990991        4.2393510982968237E-002
   16.036036036036037        4.2582800631288845E-002
   16.081081081081081        4.2771412605046133E-002
   16.126126126126124        4.2959331565243376E-002
   16.171171171171171        4.3146542279969939E-002
   16.216216216216218        4.3333029626082938E-002
   16.261261261261261        4.3518778590865101E-002
   16.306306306306304        4.3703774273658354E-002
   16.351351351351351        4.3888001887473521E-002
   16.396396396396398        4.4071446760576172E-002
   16.441441441441441        4.4254094338048472E-002
   16.486486486486484        4.4435930183327248E-002
   16.531531531531531        4.4616939979718412E-002
   16.576576576576578        4.4797109531887376E-002
   16.621621621621621        4.4976424767326217E-002
   16.666666666666664        4.5154871737797170E-002
   16.711711711711711        4.5332436620752183E-002
   16.756756756756758        4.5509105720729713E-002
   16.801801801801801        4.5684865470727441E-002
   16.846846846846844        4.5859702433552252E-002
   16.891891891891891        4.6033603303146514E-002
   16.936936936936938        4.6206554905891262E-002
   16.981981981981981        4.6378544201886286E-002
   17.027027027027025        4.6549558286207243E-002
   17.072072072072071        4.6719584390139630E-002
   17.117117117117118        4.6888609882389548E-002
   17.162162162162161        4.7056622270272193E-002
   17.207207207207205        4.7223609200877030E-002
   17.252252252252251        4.7389558462210386E-002
   17.297297297297298        4.7554457984315415E-002
   17.342342342342342        4.7718295840369421E-002
   17.387387387387388        4.7881060247758449E-002
   17.432432432432432        4.8042739569129980E-002
   17.477477477477478        4.8203322313422371E-002
   17.522522522522522        4.8362797136872783E-002
   17.567567567567568        4.8521152844002317E-002
   17.612612612612612        4.8678378388579233E-002
   17.657657657657658        4.8834462874560072E-002
   17.702702702702702        4.8989395557008493E-002
   17.747747747747749        4.9143165842992491E-002
   17.792792792792792        4.9295763292459389E-002
   17.837837837837839        4.9447177619089289E-002
   17.882882882882882        4.9597398691126761E-002
   17.927927927927929        4.9746416532190682E-002
   17.972972972972972        4.9894221322062692E-002
   18.018018018018019        5.0040803397454085E-002
   18.063063063063062        5.0186153252751282E-002
   18.108108108108105        5.0330261540739905E-002
   18.153153153153152        5.0473119073307746E-002
   18.198198198198199        5.0614716822126267E-002
   18.243243243243242        5.0755045919311181E-002
   18.288288288288285        5.0894097658062458E-002
   18.333333333333332        5.1031863493282099E-002
   18.378378378378379        5.1168335042172677E-002
   18.423423423423422        5.1303504084813815E-002
   18.468468468468465        5.1437362564718661E-002
   18.513513513513512        5.1569902589369582E-002
   18.558558558558559        5.1701116430733066E-002
   18.603603603603602        5.1830996525754867E-002
   18.648648648648649        5.1959535476833733E-002
   18.693693693693696        5.2086726052276135E-002
   18.738738738738739        5.2212561186729636E-002
   18.783783783783782        5.2337033981596962E-002
   18.828828828828829        5.2460137705429677E-002
   18.873873873873876        5.2581865794302039E-002
   18.918918918918919        5.2702211852165046E-002
   18.963963963963963        5.2821169651180597E-002
   19.009009009009009        5.2938733132036467E-002
   19.054054054054056        5.3054896404240728E-002
   19.099099099099099        5.3169653746397795E-002
   19.144144144144143        5.3282999606464612E-002
   19.189189189189189        5.3394928601987121E-002
   19.234234234234236        5.3505435520318306E-002
   19.279279279279280        5.3614515318816579E-002
   19.324324324324323        5.3722163125025355E-002
   19.369369369369370        5.3828374236833579E-002
   19.414414414414416        5.3933144122617689E-002
   19.459459459459460        5.4036468421364239E-002
   19.504504504504503        5.4138342942774684E-002
   19.549549549549550        5.4238763667350864E-002
   19.594594594594597        5.4337726746462603E-002
   19.639639639639640        5.4435228502396391E-002
   19.684684684684683        5.4531265428386370E-002
   19.729729729729730        5.4625834188626661E-002
   19.774774774774777        5.4718931618265944E-002
   19.819819819819820        5.4810554723383809E-002
   19.864864864864863        5.4900700680949419E-002
   19.909909909909910        5.4989366838762203E-002
   19.954954954954957        5.5076550715375143E-002
   20.000000000000000        5.5162250000000003E-002
   20.045045045045043        5.5246462552395535E-002
   20.090090090090090        5.5329186402738095E-002
   20.135135135135137        5.5410419751474933E-002
   20.180180180180180        5.5490160969160186E-002
   20.225225225225223        5.5568408596274085E-002
   20.270270270270270        5.5645161343025024E-002
   20.315315315315317        5.5720418089134430E-002
   20.360360360360360        5.5794177883605446E-002
   20.405405405405403        5.5866439944474322E-002
   20.450450450450450        5.5937203658545660E-002
   20.495495495495497        5.6006468581110885E-002
   20.540540540540540        5.6074234435650468E-002
   20.585585585585584        5.6140501113519869E-002
   20.630630630630630        5.6205268673619253E-002
   20.675675675675677        5.6268537342047141E-002
   20.720720720720720        5.6330307511738030E-002
   20.765765765765764        5.6390579742084418E-002
   20.810810810810811        5.6449354758542632E-002
   20.855855855855857        5.6506633452223350E-002
   20.900900900900901        5.6562416879466462E-002
   20.945945945945944        5.6616706261400349E-002
   20.990990990990991        5.6669502983486178E-002
   21.036036036036037        5.6720808595046426E-002
   21.081081081081081        5.6770624808778904E-002
   21.126126126126124        5.6818953500255120E-002
   21.171171171171171        5.6865796707404229E-002
   21.216216216216218        5.6911156629982002E-002
   21.261261261261261        5.6955035629024965E-002
   21.306306306306304        5.6997436226290145E-002
   21.351351351351351        5.7038361103680234E-002
   21.396396396396398        5.7077813102654369E-002
   21.441441441441441        5.7115795223624678E-002
   21.486486486486484        5.7152310625338716E-002
   21.531531531531531        5.7187362624247645E-002
   21.576576576576578        5.7220954693860834E-002
   21.621621621621621        5.7253090464086227E-002
   21.666666666666664        5.7283773720557249E-002
   21.711711711711711        5.7313008403946132E-002
   21.756756756756758        5.7340798609263548E-002
   21.801801801801801        5.7367148585144884E-002
   21.846846846846844        5.7392062733123507E-002
   21.891891891891891        5.7415545606890502E-002
   21.936936936936938        5.7437601911541548E-002
   21.981981981981981        5.7458236502810914E-002
   22.027027027027025        5.7477454386292336E-002
   22.072072072072071        5.7495260716647553E-002
   22.117117117117118        5.7511660796802089E-002
   22.162162162162161        5.7526660077128200E-002
   22.207207207207205        5.7540264154616029E-002
   22.252252252252251        5.7552478772032088E-002
   22.297297297297298        5.7563309817065700E-002
   22.342342342342342        5.7572763321463521E-002
   22.387387387387385        5.7580845460151700E-002
   22.432432432432432        5.7587562550346916E-002
   22.477477477477478        5.7592921050655013E-002
   22.522522522522522        5.7596927560158592E-002
   22.567567567567565        5.7599588817492664E-002
   22.612612612612612        5.7600911699909378E-002
   22.657657657657658        5.7600903222331218E-002
   22.702702702702702        5.7599570536393176E-002
   22.747747747747745        5.7596920929473869E-002
   22.792792792792792        5.7592961823715705E-002
   22.837837837837839        5.7587700775034549E-002
   22.882882882882882        5.7581145472118234E-002
   22.927927927927925        5.7573303735414923E-002
   22.972972972972972        5.7564183516110902E-002
   23.018018018018019        5.7553792895098065E-002
   23.063063063063062        5.7542140081931044E-002
   23.108108108108105        5.7529233413774465E-002
   23.153153153153152        5.7515081354340088E-002
   23.198198198198199        5.7499692492814239E-002
   23.243243243243242        5.7483075542775271E-002
   23.288288288288285        5.7465239341101503E-002
   23.333333333333332        5.7446192846869790E-002
   23.378378378378379        5.7425945140244523E-002
   23.423423423423422        5.7404505421357430E-002
   23.468468468468465        5.7381883009178028E-002
   23.513513513513512        5.7358087340375431E-002
   23.558558558558559        5.7333127968170902E-002
   23.603603603603602        5.7307014561181743E-002
   23.648648648648646        5.7279756902256271E-002
   23.693693693693692        5.7251364887300628E-002
   23.738738738738739        5.7221848524096772E-002
   23.783783783783782        5.7191217931112329E-002
   23.828828828828826        5.7159483336301997E-002
   23.873873873873872        5.7126655075901311E-002
   23.918918918918919        5.7092743593211807E-002
   23.963963963963963        5.7057759437378723E-002
   24.009009009009006        5.7021713262161010E-002
   24.054054054054053        5.6984615824693413E-002
   24.099099099099099        5.6946477984241080E-002
   24.144144144144143        5.6907310700947233E-002
   24.189189189189186        5.6867125034572683E-002
   24.234234234234233        5.6825932143229355E-002
   24.279279279279280        5.6783743282105434E-002
   24.324324324324323        5.6740569802184858E-002
   24.369369369369366        5.6696423148959070E-002
   24.414414414414413        5.6651314861132597E-002
   24.459459459459460        5.6605256569321881E-002
   24.504504504504503        5.6558259994747624E-002
   24.549549549549550        5.6510336947920944E-002
   24.594594594594597        5.6461499327323146E-002
   24.639639639639640        5.6411759118079538E-002
   24.684684684684683        5.6361128390627166E-002
   24.729729729729730        5.6309619299376917E-002
   24.774774774774777        5.6257244081369340E-002
   24.819819819819820        5.6204015054925616E-002
   24.864864864864863        5.6149944618292320E-002
   24.909909909909910        5.6095045248281232E-002
   24.954954954954957        5.6039329498903723E-002
   25.000000000000000        5.5982810000000001E-002
   25.045045045045043        5.5925499455863309E-002
   25.090090090090090        5.5867410643859215E-002
   25.135135135135137        5.5808556413040292E-002
   25.180180180180180        5.5748949682755712E-002
   25.225225225225223        5.5688603441256680E-002
   25.270270270270270        5.5627530744297340E-002
   25.315315315315317        5.5565744713730991E-002
   25.360360360360360        5.5503258536102870E-002
   25.405405405405403        5.5440085461237867E-002
   25.450450450450450        5.5376238800825102E-002
   25.495495495495497        5.5311731926998266E-002
   25.540540540540540        5.5246578270912332E-002
   25.585585585585584        5.5180791321316439E-002
   25.630630630630630        5.5114384623123562E-002
   25.675675675675677        5.5047371775976801E-002
   25.720720720720720        5.4979766432812043E-002
   25.765765765765764        5.4911582298417902E-002
   25.810810810810811        5.4842833127992353E-002
   25.855855855855857        5.4773532725696711E-002
   25.900900900900901        5.4703694943206468E-002
   25.945945945945944        5.4633333678259684E-002
   25.990990990990991        5.4562462873202891E-002
   26.036036036036034        5.4491096513534266E-002
   26.081081081081081        5.4419248626444754E-002
   26.126126126126124        5.4346933279356885E-002
   26.171171171171171        5.4274164578461348E-002
   26.216216216216214        5.4200956667251873E-002
   26.261261261261261        5.4127323725057921E-002
   26.306306306306304        5.4053279965575962E-002
   26.351351351351351        5.3978839635398852E-002
   26.396396396396394        5.3904017012543839E-002
   26.441441441441441        5.3828826404979109E-002
   26.486486486486484        5.3753282149149130E-002
   26.531531531531531        5.3677398608498503E-002
   26.576576576576574        5.3601190171995515E-002
   26.621621621621621        5.3524671252653776E-002
   26.666666666666664        5.3447856286053697E-002
   26.711711711711711        5.3370759728863133E-002
   26.756756756756754        5.3293396057357237E-002
   26.801801801801801        5.3215779765938068E-002
   26.846846846846844        5.3137925365653670E-002
   26.891891891891891        5.3059847382716963E-002
   26.936936936936934        5.2981560357024504E-002
   26.981981981981981        5.2903078840675140E-002
   27.027027027027025        5.2824417396488930E-002
   27.072072072072071        5.2745590596526067E-002
   27.117117117117115        5.2666613020606171E-002
   27.162162162162161        5.2587499254828071E-002
   27.207207207207205        5.2508263890090126E-002
   27.252252252252251        5.2428921520611051E-002
   27.297297297297298        5.2349486742451753E-002
   27.342342342342342        5.2269974152037761E-002
   27.387387387387388        5.2190398344682920E-002
   27.432432432432432        5.2110773913113959E-002
   27.477477477477478        5.2031115445996347E-002
   27.522522522522522        5.1951437526461551E-002
   27.567567567567568        5.1871754730635593E-002
   27.612612612612612        5.1792081626169321E-002
   27.657657657657658        5.1712432770770048E-002
   27.702702702702702        5.1632822710735292E-002
   27.747747747747749        5.1553265979488123E-002
   27.792792792792792        5.1473777096114670E-002
   27.837837837837839        5.1394370563903634E-002
   27.882882882882882        5.1315060868887936E-002
   27.927927927927929        5.1235862478388856E-002
   27.972972972972972        5.1156789839562455E-002
   28.018018018018019        5.1077857377948503E-002
   28.063063063063062        5.0999079496022177E-002
   28.108108108108109        5.0920470571748415E-002
   28.153153153153152        5.0842044957138989E-002
   28.198198198198199        5.0763816976812821E-002
   28.243243243243242        5.0685800926559263E-002
   28.288288288288289        5.0608011071904220E-002
   28.333333333333332        5.0530461646680125E-002
   28.378378378378379        5.0453166851598868E-002
   28.423423423423422        5.0376140852828294E-002
   28.468468468468469        5.0299397780572505E-002
   28.513513513513512        5.0222951727655535E-002
   28.558558558558559        5.0146816748109078E-002
   28.603603603603602        5.0071006855764010E-002
   28.648648648648649        4.9995536022846038E-002
   28.693693693693692        4.9920418178575308E-002
   28.738738738738739        4.9845667207770283E-002
   28.783783783783782        4.9771296949456034E-002
   28.828828828828829        4.9697321195476866E-002
   28.873873873873872        4.9623753689113530E-002
   28.918918918918919        4.9550608123704931E-002
   28.963963963963963        4.9477898141274845E-002
   29.009009009009009        4.9405637331163162E-002
   29.054054054054053        4.9333839228662205E-002
   29.099099099099099        4.9262517313658140E-002
   29.144144144144143        4.9191685009277453E-002
   29.189189189189189        4.9121355680538603E-002
   29.234234234234233        4.9051542633009176E-002
   29.279279279279280        4.8982259111468265E-002
   29.324324324324323        4.8913518298574640E-002
   29.369369369369370        4.8845333313540226E-002
   29.414414414414413        4.8777717210809687E-002
   29.459459459459460        4.8710682978745458E-002
   29.504504504504503        4.8644243538319018E-002
   29.549549549549550        4.8578411741808006E-002
   29.594594594594593        4.8513200371499490E-002
   29.639639639639640        4.8448622138399525E-002
   29.684684684684683        4.8384689680948889E-002
   29.729729729729730        4.8321415563745342E-002
   29.774774774774773        4.8258812276272323E-002
   29.819819819819820        4.8196892231634335E-002
   29.864864864864863        4.8135667765298838E-002
   29.909909909909910        4.8075151133845098E-002
   29.954954954954953        4.8015354513719882E-002
   30.000000000000000        4.7956289999999999E-002
   30.045045045045043        4.7897969605162086E-002
   30.090090090090090        4.7840405257859452E-002
   30.135135135135133        4.7783608801706096E-002
   30.180180180180180        4.7727591994068230E-002
   30.225225225225223        4.7672366504863048E-002
   30.270270270270270        4.7617943915365182E-002
   30.315315315315313        4.7564335717020720E-002
   30.360360360360360        4.7511553310268684E-002
   30.405405405405403        4.7459608003370755E-002
   30.450450450450450        4.7408511011248461E-002
   30.495495495495494        4.7358273454328484E-002
   30.540540540540540        4.7308906357396013E-002
   30.585585585585584        4.7260420648456300E-002
   30.630630630630630        4.7212827157604269E-002
   30.675675675675674        4.7166136615902521E-002
   30.720720720720720        4.7120359654267883E-002
   30.765765765765764        4.7075506802366128E-002
   30.810810810810811        4.7031588487515506E-002
   30.855855855855854        4.6988615033598760E-002
   30.900900900900901        4.6946596659984088E-002
   30.945945945945944        4.6905543480454649E-002
   30.990990990990991        4.6865465502147083E-002
   31.036036036036034        4.6826372624499096E-002
   31.081081081081081        4.6788274638206041E-002
   31.126126126126124        4.6751181224186505E-002
   31.171171171171171        4.6715101952557306E-002
   31.216216216216214        4.6680046281617732E-002
   31.261261261261261        4.6646023556843053E-002
   31.306306306306304        4.6613043009887681E-002
   31.351351351351351        4.6581113757597721E-002
   31.396396396396394        4.6550244801033112E-002
   31.441441441441441        4.6520445024499590E-002
   31.486486486486484        4.6491723194590343E-002
   31.531531531531531        4.6464087959237517E-002
   31.576576576576574        4.6437547846773557E-002
   31.621621621621621        4.6412111265002762E-002
   31.666666666666664        4.6387786500282552E-002
   31.711711711711711        4.6364581716615380E-002
   31.756756756756754        4.6342504954750265E-002
   31.801801801801801        4.6321564131295061E-002
   31.846846846846844        4.6301767037838976E-002
   31.891891891891891        4.6283121340085318E-002
   31.936936936936934        4.6265634576995097E-002
   31.981981981981981        4.6249314159940845E-002
   32.027027027027025        4.6234167371871214E-002
   32.072072072072075        4.6220201366486538E-002
   32.117117117117118        4.6207423167424599E-002
   32.162162162162161        4.6195839667457807E-002
   32.207207207207205        4.6185457627701064E-002
   32.252252252252248        4.6176283676830347E-002
   32.297297297297291        4.6168324310312939E-002
   32.342342342342342        4.6161585889648180E-002
   32.387387387387385        4.6156074641619707E-002
   32.432432432432435        4.6151796657558822E-002
   32.477477477477478        4.6148757892619269E-002
   32.522522522522522        4.6146964165063281E-002
   32.567567567567565        4.6146421155558975E-002
   32.612612612612608        4.6147134406489522E-002
   32.657657657657651        4.6149109321273529E-002
   32.702702702702702        4.6152351163697244E-002
   32.747747747747745        4.6156865057258384E-002
   32.792792792792795        4.6162655984521607E-002
   32.837837837837839        4.6169728786485967E-002
   32.882882882882882        4.6178088161963879E-002
   32.927927927927925        4.6187738666972476E-002
   32.972972972972968        4.6198684714136337E-002
   33.018018018018012        4.6210930572102731E-002
   33.063063063063062        4.6224480364968637E-002
   33.108108108108112        4.6239338071720010E-002
   33.153153153153156        4.6255507525683151E-002
   33.198198198198199        4.6272992413988301E-002
   33.243243243243242        4.6291796277045709E-002
   33.288288288288285        4.6311922508033586E-002
   33.333333333333329        4.6333374352399120E-002
   33.378378378378379        4.6356154907371057E-002
   33.423423423423422        4.6380267121485727E-002
   33.468468468468473        4.6405713794124621E-002
   33.513513513513516        4.6432497575065471E-002
   33.558558558558559        4.6460620964045123E-002
   33.603603603603602        4.6490086310335799E-002
   33.648648648648646        4.6520895812333506E-002
   33.693693693693689        4.6553051517159556E-002
   33.738738738738739        4.6586555320274767E-002
   33.783783783783782        4.6621408965106532E-002
   33.828828828828833        4.6657614042688672E-002
   33.873873873873876        4.6695171991314531E-002
   33.918918918918919        4.6734084096202576E-002
   33.963963963963963        4.6774351489175518E-002
   34.009009009009006        4.6815975148352049E-002
   34.054054054054049        4.6858955897851988E-002
   34.099099099099099        4.6903294407514326E-002
   34.144144144144143        4.6948991192628631E-002
   34.189189189189193        4.6996046613679635E-002
   34.234234234234236        4.7044460876104782E-002
   34.279279279279280        4.7094234030065484E-002
   34.324324324324323        4.7145365970231341E-002
   34.369369369369366        4.7197856435577959E-002
   34.414414414414409        4.7251705009197918E-002
   34.459459459459460        4.7306911118125280E-002
   34.504504504504503        4.7363474033173557E-002
   34.549549549549553        4.7421392868787021E-002
   34.594594594594597        4.7480666582905645E-002
   34.639639639639640        4.7541293976843577E-002
   34.684684684684683        4.7603273695180935E-002
   34.729729729729726        4.7666604225669554E-002
   34.774774774774770        4.7731283899152051E-002
   34.819819819819820        4.7797310889494578E-002
   34.864864864864863        4.7864683213533453E-002
   34.909909909909913        4.7933398731035082E-002
   34.954954954954957        4.8003455144669901E-002
   35.000000000000000        4.8074850000000002E-002
   35.045045045045043        4.8147580685480383E-002
   35.090090090090087        4.8221644432473967E-002
   35.135135135135130        4.8297038315280635E-002
   35.180180180180180        4.8373759251179781E-002
   35.225225225225223        4.8451804000486924E-002
   35.270270270270274        4.8531169166623936E-002
   35.315315315315317        4.8611851196203246E-002
   35.360360360360360        4.8693846379126049E-002
   35.405405405405403        4.8777150848694148E-002
   35.450450450450447        4.8861760581735927E-002
   35.495495495495490        4.8947671398745979E-002
   35.540540540540540        4.9034878964038929E-002
   35.585585585585584        4.9123378785916973E-002
   35.630630630630634        4.9213166216851567E-002
   35.675675675675677        4.9304236453678853E-002
   35.720720720720720        4.9396584537809221E-002
   35.765765765765764        4.9490205355450838E-002
   35.810810810810807        4.9585093637846862E-002
   35.855855855855850        4.9681243961527108E-002
   35.900900900900901        4.9778650748573364E-002
   35.945945945945944        4.9877308266898686E-002
   35.990990990990994        4.9977210630540989E-002
   36.036036036036037        5.0078351799970257E-002
   36.081081081081081        5.0180725582409956E-002
   36.126126126126124        5.0284325632172465E-002
   36.171171171171167        5.0389145451008338E-002
   36.216216216216210        5.0495178388469820E-002
   36.261261261261261        5.0602417642287893E-002
   36.306306306306304        5.0710856258763898E-002
   36.351351351351354        5.0820487133174684E-002
   36.396396396396398        5.0931303010191914E-002
   36.441441441441441        5.1043296484315243E-002
   36.486486486486484        5.1156460000319585E-002
   36.531531531531527        5.1270785853716298E-002
   36.576576576576571        5.1386266191228124E-002
   36.621621621621621        5.1502893011278354E-002
   36.666666666666664        5.1620658164493641E-002
   36.711711711711715        5.1739553354220896E-002
   36.756756756756758        5.1859570137058005E-002
   36.801801801801801        5.1980699923398432E-002
   36.846846846846844        5.2102933977989714E-002
   36.891891891891888        5.2226263420505653E-002
   36.936936936936931        5.2350679226132603E-002
   36.981981981981981        5.2476172226169376E-002
   37.027027027027025        5.2602733108640762E-002
   37.072072072072075        5.2730352418925430E-002
   37.117117117117118        5.2859020560396743E-002
   37.162162162162161        5.2988727795078051E-002
   37.207207207207205        5.3119464244311201E-002
   37.252252252252248        5.3251219889438900E-002
   37.297297297297291        5.3383984572500723E-002
   37.342342342342342        5.3517747996942741E-002
   37.387387387387385        5.3652499728340637E-002
   37.432432432432435        5.3788229195136678E-002
   37.477477477477478        5.3924925689389780E-002
   37.522522522522522        5.4062578367539506E-002
   37.567567567567565        5.4201176251183293E-002
   37.612612612612608        5.4340708227867192E-002
   37.657657657657651        5.4481163051889957E-002
   37.702702702702702        5.4622529345120664E-002
   37.747747747747745        5.4764795597829312E-002
   37.792792792792795        5.4907950169531358E-002
   37.837837837837839        5.5051981289844676E-002
   37.882882882882882        5.5196877059360480E-002
   37.927927927927925        5.5342625450527053E-002
   37.972972972972968        5.5489214308546558E-002
   38.018018018018012        5.5636631352285179E-002
   38.063063063063062        5.5784864175196271E-002
   38.108108108108105        5.5933900246256246E-002
   38.153153153153156        5.6083726910913761E-002
   38.198198198198199        5.6234331392051605E-002
   38.243243243243242        5.6385700790961640E-002
   38.288288288288285        5.6537822088332301E-002
   38.333333333333329        5.6690682145249090E-002
   38.378378378378372        5.6844267704207710E-002
   38.423423423423422        5.6998565390139679E-002
   38.468468468468465        5.7153561711450980E-002
   38.513513513513516        5.7309243061072795E-002
   38.558558558558559        5.7465595717524999E-002
   38.603603603603602        5.7622605845992075E-002
   38.648648648648646        5.7780259499411374E-002
   38.693693693693689        5.7938542619573645E-002
   38.738738738738732        5.8097441038235866E-002
   38.783783783783782        5.8256940478246394E-002
   38.828828828828826        5.8417026554681957E-002
   38.873873873873876        5.8577684775997146E-002
   38.918918918918919        5.8738900545185414E-002
   38.963963963963963        5.8900659160952405E-002
   39.009009009009006        5.9062945818901168E-002
   39.054054054054049        5.9225745612728718E-002
   39.099099099099099        5.9389043535434921E-002
   39.144144144144143        5.9552824480542506E-002
   39.189189189189193        5.9717073243329311E-002
   39.234234234234236        5.9881774522071197E-002
   39.279279279279280        6.0046912919297306E-002
   39.324324324324323        6.0212472943055997E-002
   39.369369369369366        6.0378439008192404E-002
   39.414414414414409        6.0544795437637119E-002
   39.459459459459460        6.0711526463706131E-002
   39.504504504504503        6.0878616229411514E-002
   39.549549549549553        6.1046048789783473E-002
   39.594594594594597        6.1213808113202893E-002
   39.639639639639640        6.1381878082745117E-002
   39.684684684684683        6.1550242497534026E-002
   39.729729729729726        6.1718885074107034E-002
   39.774774774774770        6.1887789447790428E-002
   39.819819819819820        6.2056939174085397E-002
   39.864864864864863        6.2226317730064165E-002
   39.909909909909913        6.2395908515776574E-002
   39.954954954954957        6.2565694855666737E-002
   40.000000000000000        6.2735659999999999E-002
   40.045045045045043        6.2905787126299517E-002
   40.090090090090087        6.3076059340792953E-002
   40.135135135135130        6.3246459679869124E-002
   40.180180180180180        6.3416971111544013E-002
   40.225225225225223        6.3587576536936502E-002
   40.270270270270274        6.3758258791753661E-002
   40.315315315315317        6.3929000647785506E-002
   40.360360360360360        6.4099784814408881E-002
   40.405405405405403        6.4270593940100290E-002
   40.450450450450447        6.4441410613958569E-002
   40.495495495495490        6.4612217367235616E-002
   40.540540540540540        6.4782996674876692E-002
   40.585585585585584        6.4953730957068953E-002
   40.630630630630634        6.5124402580798851E-002
   40.675675675675677        6.5294993861418252E-002
   40.720720720720720        6.5465487064218550E-002
   40.765765765765764        6.5635864406013336E-002
   40.810810810810807        6.5806108056729054E-002
   40.855855855855850        6.5976200141004124E-002
   40.900900900900901        6.6146122739795352E-002
   40.945945945945944        6.6315857891992583E-002
   40.990990990990994        6.6485387596041251E-002
   41.036036036036037        6.6654693811571755E-002
   41.081081081081081        6.6823758461037122E-002
   41.126126126126124        6.6992563431357358E-002
   41.171171171171167        6.7161090575571292E-002
   41.216216216216210        6.7329321714495294E-002
   41.261261261261261        6.7497238638389342E-002
   41.306306306306304        6.7664823108629021E-002
   41.351351351351354        6.7832056859385453E-002
   41.396396396396398        6.7998921599310216E-002
   41.441441441441441        6.8165399013228128E-002
   41.486486486486484        6.8331470763835334E-002
   41.531531531531527        6.8497118493403814E-002
   41.576576576576571        6.8662323825491769E-002
   41.621621621621621        6.8827068366660263E-002
   41.666666666666664        6.8991333708194630E-002
   41.711711711711715        6.9155101427832572E-002
   41.756756756756758        6.9318353091496712E-002
   41.801801801801801        6.9481070255032862E-002
   41.846846846846844        6.9643234465953510E-002
   41.891891891891888        6.9804827265185776E-002
   41.936936936936931        6.9965830188824490E-002
   41.981981981981981        7.0126224769890111E-002
   42.027027027027025        7.0285992540090533E-002
   42.072072072072068        7.0445115031588082E-002
   42.117117117117118        7.0603573778769732E-002
   42.162162162162161        7.0761350320022093E-002
   42.207207207207205        7.0918426199510068E-002
   42.252252252252248        7.1074782968958930E-002
   42.297297297297298        7.1230402189440337E-002
   42.342342342342342        7.1385265433161357E-002
   42.387387387387385        7.1539354285257123E-002
   42.432432432432428        7.1692650345586140E-002
   42.477477477477478        7.1845135230528642E-002
   42.522522522522522        7.1996790574787556E-002
   42.567567567567565        7.2147598033192317E-002
   42.612612612612608        7.2297539282504555E-002
   42.657657657657658        7.2446596023226256E-002
   42.702702702702702        7.2594749981410078E-002
   42.747747747747745        7.2741982910471112E-002
   42.792792792792788        7.2888276593000526E-002
   42.837837837837839        7.3033612842580767E-002
   42.882882882882882        7.3177973505601804E-002
   42.927927927927925        7.3321340463078644E-002
   42.972972972972968        7.3463695632469878E-002
   43.018018018018019        7.3605020969496684E-002
   43.063063063063062        7.3745298469962584E-002
   43.108108108108105        7.3884510171573464E-002
   43.153153153153148        7.4022638155757908E-002
   43.198198198198199        7.4159664549487303E-002
   43.243243243243242        7.4295571527095705E-002
   43.288288288288285        7.4430341312099871E-002
   43.333333333333329        7.4563956179017649E-002
   43.378378378378379        7.4696398455186608E-002
   43.423423423423422        7.4827650522580946E-002
   43.468468468468465        7.4957694819627413E-002
   43.513513513513509        7.5086513843020092E-002
   43.558558558558559        7.5214090149533050E-002
   43.603603603603602        7.5340406357831610E-002
   43.648648648648646        7.5465445150281377E-002
   43.693693693693689        7.5589189274754942E-002
   43.738738738738739        7.5711621546436528E-002
   43.783783783783782        7.5832724849623445E-002
   43.828828828828826        7.5952482139525199E-002
   43.873873873873869        7.6070876444058910E-002
   43.918918918918919        7.6187890865642136E-002
   43.963963963963963        7.6303508582981461E-002
   44.009009009009006        7.6417712852857908E-002
   44.054054054054049        7.6530487011908122E-002
   44.099099099099099        7.6641814478401210E-002
   44.144144144144143        7.6751678754011496E-002
   44.189189189189186        7.6860063425586461E-002
   44.234234234234229        7.6966952166909866E-002
   44.279279279279280        7.7072328740459647E-002
   44.324324324324323        7.7176176999160573E-002
   44.369369369369366        7.7278480888131426E-002
   44.414414414414409        7.7379224446426267E-002
   44.459459459459460        7.7478391808769698E-002
   44.504504504504503        7.7575967207285837E-002
   44.549549549549546        7.7671934973220738E-002
   44.594594594594597        7.7766279538658209E-002
   44.639639639639640        7.7858985438228570E-002
   44.684684684684683        7.7950037310809961E-002
   44.729729729729726        7.8039419901222526E-002
   44.774774774774777        7.8127118061914649E-002
   44.819819819819820        7.8213116754641182E-002
   44.864864864864863        7.8297401052133550E-002
   44.909909909909906        7.8379956139761314E-002
   44.954954954954957        7.8460767317185001E-002
   45.000000000000000        7.8539819999999996E-002
   45.045045045045043        7.8617099721371028E-002
   45.090090090090087        7.8692592133657313E-002
   45.135135135135137        7.8766283010027874E-002
   45.180180180180180        7.8838158246066797E-002
   45.225225225225223        7.8908203861368154E-002
   45.270270270270267        7.8976406001120436E-002
   45.315315315315317        7.9042750937680220E-002
   45.360360360360360        7.9107225072134482E-002
   45.405405405405403        7.9169814935851915E-002
   45.450450450450447        7.9230507192022140E-002
   45.495495495495497        7.9289288637183430E-002
   45.540540540540540        7.9346146202738041E-002
   45.585585585585584        7.9401066956454977E-002
   45.630630630630627        7.9454038103960276E-002
   45.675675675675677        7.9505046990213935E-002
   45.720720720720720        7.9554081100973881E-002
   45.765765765765764        7.9601128064245935E-002
   45.810810810810807        7.9646175651720427E-002
   45.855855855855857        7.9689211780193780E-002
   45.900900900900901        7.9730224512976830E-002
   45.945945945945944        7.9769202061287250E-002
   45.990990990990987        7.9806132785627593E-002
   46.036036036036037        7.9841005197147721E-002
   46.081081081081081        7.9873807958991877E-002
   46.126126126126124        7.9904529887629305E-002
   46.171171171171167        7.9933159954169289E-002
   46.216216216216218        7.9959687285659026E-002
   46.261261261261261        7.9984101166365215E-002
   46.306306306306304        8.0006391039037908E-002
   46.351351351351347        8.0026546506157675E-002
   46.396396396396398        8.0044557331163946E-002
   46.441441441441441        8.0060413439666467E-002
   46.486486486486484        8.0074104920637490E-002
   46.531531531531527        8.0085622027585623E-002
   46.576576576576578        8.0094955179710520E-002
   46.621621621621621        8.0102094963038453E-002
   46.666666666666664        8.0107032131537942E-002
   46.711711711711708        8.0109757608215787E-002
   46.756756756756758        8.0110262486192144E-002
   46.801801801801801        8.0108538029755927E-002
   46.846846846846844        8.0104575675398221E-002
   46.891891891891888        8.0098367032825357E-002
   46.936936936936938        8.0089903885949693E-002
   46.981981981981981        8.0079178193858652E-002
   47.027027027027025        8.0066182091761695E-002
   47.072072072072068        8.0050907891914394E-002
   47.117117117117118        8.0033348084519784E-002
   47.162162162162161        8.0013495338606203E-002
   47.207207207207205        7.9991342502881660E-002
   47.252252252252248        7.9966882606564163E-002
   47.297297297297298        7.9940108860187709E-002
   47.342342342342342        7.9911014656383686E-002
   47.387387387387385        7.9879593570637161E-002
   47.432432432432428        7.9845839362017917E-002
   47.477477477477478        7.9809745973885585E-002
   47.522522522522522        7.9771307534568861E-002
   47.567567567567565        7.9730518358018226E-002
   47.612612612612608        7.9687372944432039E-002
   47.657657657657658        7.9641865980855070E-002
   47.702702702702702        7.9593992341750006E-002
   47.747747747747745        7.9543747089540803E-002
   47.792792792792788        7.9491125475127766E-002
   47.837837837837839        7.9436122938374112E-002
   47.882882882882882        7.9378735108563789E-002
   47.927927927927925        7.9318957804829435E-002
   47.972972972972968        7.9256787036550994E-002
   48.018018018018019        7.9192219003724112E-002
   48.063063063063062        7.9125250097298067E-002
   48.108108108108105        7.9055876899482971E-002
   48.153153153153148        7.8984096184025354E-002
   48.198198198198199        7.8909904916452570E-002
   48.243243243243242        7.8833300254285157E-002
   48.288288288288285        7.8754279547216269E-002
   48.333333333333329        7.8672840337259201E-002
   48.378378378378379        7.8588980358860694E-002
   48.423423423423422        7.8502697538982202E-002
   48.468468468468465        7.8413989997145078E-002
   48.513513513513509        7.8322856045443548E-002
   48.558558558558559        7.8229294188521481E-002
   48.603603603603602        7.8133303123514755E-002
   48.648648648648646        7.8034881739957498E-002
   48.693693693693689        7.7934029119652970E-002
   48.738738738738739        7.7830744536508012E-002
   48.783783783783782        7.7725027456329948E-002
   48.828828828828826        7.7616877536587164E-002
   48.873873873873869        7.7506294626131983E-002
   48.918918918918919        7.7393278764885012E-002
   48.963963963963963        7.7277830183481666E-002
   49.009009009009006        7.7159949302879477E-002
   49.054054054054049        7.7039636733926165E-002
   49.099099099099099        7.6916893276888290E-002
   49.144144144144143        7.6791719920939583E-002
   49.189189189189186        7.6664117843608520E-002
   49.234234234234229        7.6534088410185705E-002
   49.279279279279280        7.6401633173088693E-002
   49.324324324324323        7.6266753871186269E-002
   49.369369369369366        7.6129452429079439E-002
   49.414414414414409        7.5989730956340207E-002
   49.459459459459460        7.5847591746707188E-002
   49.504504504504503        7.5703037277237734E-002
   49.549549549549546        7.5556070207415574E-002
   49.594594594594589        7.5406693378214637E-002
   49.639639639639640        7.5254909811117529E-002
   49.684684684684683        7.5100722707088743E-002
   49.729729729729726        7.4944135445502394E-002
   49.774774774774770        7.4785151583022916E-002
   49.819819819819820        7.4623774852440081E-002
   49.864864864864863        7.4460009161455981E-002
   49.909909909909906        7.4293858591424858E-002
   49.954954954954950        7.4125327396044632E-002
   50.000000000000000        7.3954420000000007E-002
   50.045045045045043        7.3781140997556630E-002
   50.090090090090087        7.3605495151105288E-002
   50.135135135135130        7.3427487389657056E-002
   50.180180180180180        7.3247122807286985E-002
   50.225225225225223        7.3064406661527775E-002
   50.270270270270267        7.2879344371711466E-002
   50.315315315315310        7.2691941517259648E-002
   50.360360360360360        7.2502203835921070E-002
   50.405405405405403        7.2310137221956922E-002
   50.450450450450447        7.2115747724272122E-002
   50.495495495495497        7.1919041544493356E-002
   50.540540540540540        7.1720025034992807E-002
   50.585585585585584        7.1518704696856825E-002
   50.630630630630627        7.1315087177799760E-002
   50.675675675675677        7.1109179270021569E-002
   50.720720720720720        7.0900987908009805E-002
   50.765765765765764        7.0690520166284215E-002
   50.810810810810807        7.0477783257084620E-002
   50.855855855855857        7.0262784528000763E-002
   50.900900900900901        7.0045531459544161E-002
   50.945945945945944        6.9826031662660687E-002
   50.990990990990987        6.9604292876184665E-002
   51.036036036036037        6.9380322964232702E-002
   51.081081081081081        6.9154129913537130E-002
   51.126126126126124        6.8925721830718739E-002
   51.171171171171167        6.8695106939499068E-002
   51.216216216216218        6.8462293577849193E-002
   51.261261261261261        6.8227290195077533E-002
   51.306306306306304        6.7990105348854010E-002
   51.351351351351347        6.7750747702171474E-002
   51.396396396396398        6.7509226020242299E-002
   51.441441441441441        6.7265549167331934E-002
   51.486486486486484        6.7019726103525010E-002
   51.531531531531527        6.6771765881429149E-002
   51.576576576576578        6.6521677642809515E-002
   51.621621621621621        6.6269470615159351E-002
   51.666666666666664        6.6015154108201426E-002
   51.711711711711708        6.5758737510323254E-002
   51.756756756756758        6.5500230284942673E-002
   51.801801801801801        6.5239641966806330E-002
   51.846846846846844        6.4976982158216567E-002
   51.891891891891888        6.4712260525190912E-002
   51.936936936936938        6.4445486793549334E-002
   51.981981981981981        6.4176670744930941E-002
   52.027027027027025        6.3905822212739868E-002
   52.072072072072068        6.3632951078017072E-002
   52.117117117117118        6.3358067265242887E-002
   52.162162162162161        6.3081180738061848E-002
   52.207207207207205        6.2802301494937568E-002
   52.252252252252248        6.2521439564731177E-002
   52.297297297297298        6.2238605002205155E-002
   52.342342342342342        6.1953807883452464E-002
   52.387387387387385        6.1667058301247510E-002
   52.432432432432428        6.1378366360322852E-002
   52.477477477477478        6.1087742172567266E-002
   52.522522522522522        6.0795195852145989E-002
   52.567567567567565        6.0500737510542552E-002
   52.612612612612608        6.0204377251522410E-002
   52.657657657657658        5.9906125166015067E-002
   52.702702702702702        5.9605991326918288E-002
   52.747747747747745        5.9303985783819582E-002
   52.792792792792788        5.9000118557636975E-002
   52.837837837837839        5.8694399635178571E-002
   52.882882882882882        5.8386838963617710E-002
   52.927927927927925        5.8077446444887035E-002
   52.972972972972968        5.7766231929986006E-002
   53.018018018018019        5.7453205213206807E-002
   53.063063063063062        5.7138376026273328E-002
   53.108108108108105        5.6821754032395713E-002
   53.153153153153148        5.6503348820236894E-002
   53.198198198198199        5.6183169897793712E-002
   53.243243243243242        5.5861226686190944E-002
   53.288288288288285        5.5537528513384810E-002
   53.333333333333329        5.5212084607780307E-002
   53.378378378378379        5.4884904091757176E-002
   53.423423423423422        5.4555995975107921E-002
   53.468468468468465        5.4225369148382233E-002
   53.513513513513509        5.3893032376143096E-002
   53.558558558558559        5.3558994290128767E-002
   53.603603603603602        5.3223263382323999E-002
   53.648648648648646        5.2885847997935970E-002
   53.693693693693689        5.2546756328278141E-002
   53.738738738738739        5.2205996403558323E-002
   53.783783783783782        5.1863576085573015E-002
   53.828828828828826        5.1519503060303978E-002
   53.873873873873869        5.1173784830420482E-002
   53.918918918918919        5.0826428707682191E-002
   53.963963963963963        5.0477441805246187E-002
   54.009009009009006        5.0126831029874669E-002
   54.054054054054049        4.9774603074043480E-002
   54.099099099099099        4.9420764407950429E-002
   54.144144144144143        4.9065321271425343E-002
   54.189189189189186        4.8708279665735363E-002
   54.234234234234229        4.8349645345291764E-002
   54.279279279279280        4.7989423809252897E-002
   54.324324324324323        4.7627620293023337E-002
   54.369369369369366        4.7264239759650897E-002
   54.414414414414409        4.6899286891117761E-002
   54.459459459459460        4.6532766079525945E-002
   54.504504504504503        4.6164681418179580E-002
   54.549549549549546        4.5795036692557745E-002
   54.594594594594589        4.5423835371180728E-002
   54.639639639639640        4.5051080596368934E-002
   54.684684684684683        4.4676775174893879E-002
   54.729729729729726        4.4300921568517268E-002
   54.774774774774770        4.3923521884422473E-002
   54.819819819819820        4.3544577865534194E-002
   54.864864864864863        4.3164090880726605E-002
   54.909909909909906        4.2782061914919477E-002
   54.954954954954950        4.2398491559061578E-002
   55.000000000000000        4.2013380000000003E-002
