   0.0000000000000000      			   0.0000000000000000      			   0.0000000000000000     
   0.0000000000000000      			  0.50000000000000000      			   0.0000000000000000     
   0.0000000000000000      			   1.0000000000000000      			   0.0000000000000000     
   0.0000000000000000      			   1.5000000000000000      			   0.0000000000000000     
   0.0000000000000000      			   2.0000000000000000      			   0.0000000000000000     
   0.0000000000000000      			   2.5000000000000000      			   0.0000000000000000     
   0.0000000000000000      			   3.0000000000000000      			   0.0000000000000000     
   0.0000000000000000      			   3.5000000000000000      			   0.0000000000000000     
   0.0000000000000000      			   4.0000000000000000      			   0.0000000000000000     
   0.0000000000000000      			   4.5000000000000000      			   0.0000000000000000     
   0.0000000000000000      			   5.0000000000000000      			   0.0000000000000000     
   0.0000000000000000      			   5.5000000000000000      			   0.0000000000000000     
   0.0000000000000000      			   6.0000000000000000      			   0.0000000000000000     
   0.0000000000000000      			   6.5000000000000000      			   0.0000000000000000     
   0.0000000000000000      			   7.0000000000000000      			   0.0000000000000000     
   0.0000000000000000      			   7.5000000000000000      			   0.0000000000000000     
   0.0000000000000000      			   8.0000000000000000      			   0.0000000000000000     
   0.0000000000000000      			   8.5000000000000000      			   0.0000000000000000     
   0.0000000000000000      			   9.0000000000000000      			   0.0000000000000000     
   0.0000000000000000      			   9.5000000000000000      			   0.0000000000000000     
   0.0000000000000000      			   10.000000000000000      			   0.0000000000000000     

  0.10000000000000001      			   0.0000000000000000      			   27.000000000000000     
  0.10000000000000001      			  0.50000000000000000      			   16.024390243902438     
  0.10000000000000001      			   1.0000000000000000      			   13.972040452111838     
  0.10000000000000001      			   1.5000000000000000      			   11.774597002365025     
  0.10000000000000001      			   2.0000000000000000      			   10.685409582291873     
  0.10000000000000001      			   2.5000000000000000      			   9.6920881285701164     
  0.10000000000000001      			   3.0000000000000000      			   9.0105781945699590     
  0.10000000000000001      			   3.5000000000000000      			   8.4148462535649564     
  0.10000000000000001      			   4.0000000000000000      			   7.9447603374359597     
  0.10000000000000001      			   4.5000000000000000      			   7.5594271945058296     
  0.10000000000000001      			   5.0000000000000000      			   7.2551594352010040     
  0.10000000000000001      			   5.5000000000000000      			   7.0218484576870006     
  0.10000000000000001      			   6.0000000000000000      			   6.8492022404028443     
  0.10000000000000001      			   6.5000000000000000      			   6.7305743063872621     
  0.10000000000000001      			   7.0000000000000000      			   6.6568287588138064     
  0.10000000000000001      			   7.5000000000000000      			   6.6219362523785446     
  0.10000000000000001      			   8.0000000000000000      			   6.6189159150025558     
  0.10000000000000001      			   8.5000000000000000      			   6.6426639619475871     
  0.10000000000000001      			   9.0000000000000000      			   6.6880699631407197     
  0.10000000000000001      			   9.5000000000000000      			   6.7511435134006152     
  0.10000000000000001      			   10.000000000000000      			   6.8282160512052537     

  0.20000000000000001      			   0.0000000000000000      			   27.000000000000000     
  0.20000000000000001      			  0.50000000000000000      			   27.000000000000000     
  0.20000000000000001      			   1.0000000000000000      			   22.538370017846518     
  0.20000000000000001      			   1.5000000000000000      			   20.869792951350096     
  0.20000000000000001      			   2.0000000000000000      			   18.927248388428225     
  0.20000000000000001      			   2.5000000000000000      			   17.707661819499847     
  0.20000000000000001      			   3.0000000000000000      			   16.555655814267610     
  0.20000000000000001      			   3.5000000000000000      			   15.673281153452582     
  0.20000000000000001      			   4.0000000000000000      			   14.941601143263799     
  0.20000000000000001      			   4.5000000000000000      			   14.370355701121788     
  0.20000000000000001      			   5.0000000000000000      			   13.936373865717560     
  0.20000000000000001      			   5.5000000000000000      			   13.618987220854976     
  0.20000000000000001      			   6.0000000000000000      			   13.406579763127356     
  0.20000000000000001      			   6.5000000000000000      			   13.279734565743823     
  0.20000000000000001      			   7.0000000000000000      			   13.227821951796869     
  0.20000000000000001      			   7.5000000000000000      			   13.236442474812156     
  0.20000000000000001      			   8.0000000000000000      			   13.296252025489888     
  0.20000000000000001      			   8.5000000000000000      			   13.397026686830280     
  0.20000000000000001      			   9.0000000000000000      			   13.531300859920783     
  0.20000000000000001      			   9.5000000000000000      			   13.691885469800642     
  0.20000000000000001      			   10.000000000000000      			   13.873181208412175     

  0.30000000000000004      			   0.0000000000000000      			   27.000000000000000     
  0.30000000000000004      			  0.50000000000000000      			   27.000000000000000     
  0.30000000000000004      			   1.0000000000000000      			   27.000000000000000     
  0.30000000000000004      			   1.5000000000000000      			   25.186329275547365     
  0.30000000000000004      			   2.0000000000000000      			   24.168904235000767     
  0.30000000000000004      			   2.5000000000000000      			   22.889300737558276     
  0.30000000000000004      			   3.0000000000000000      			   21.930091768360292     
  0.30000000000000004      			   3.5000000000000000      			   21.131783228275800     
  0.30000000000000004      			   4.0000000000000000      			   20.533178161422292     
  0.30000000000000004      			   4.5000000000000000      			   20.113688892643346     
  0.30000000000000004      			   5.0000000000000000      			   19.836817149872161     
  0.30000000000000004      			   5.5000000000000000      			   19.693603638013006     
  0.30000000000000004      			   6.0000000000000000      			   19.651918100288377     
  0.30000000000000004      			   6.5000000000000000      			   19.701189794790878     
  0.30000000000000004      			   7.0000000000000000      			   19.820021631397537     
  0.30000000000000004      			   7.5000000000000000      			   19.998080191912990     
  0.30000000000000004      			   8.0000000000000000      			   20.221493802874583     
  0.30000000000000004      			   8.5000000000000000      			   20.481703877515610     
  0.30000000000000004      			   9.0000000000000000      			   20.769569897005301     
  0.30000000000000004      			   9.5000000000000000      			   21.078614943185041     
  0.30000000000000004      			   10.000000000000000      			   21.402727197464500     

  0.40000000000000002      			   0.0000000000000000      			   27.000000000000000     
  0.40000000000000002      			  0.50000000000000000      			   27.000000000000000     
  0.40000000000000002      			   1.0000000000000000      			   27.000000000000000     
  0.40000000000000002      			   1.5000000000000000      			   27.000000000000000     
  0.40000000000000002      			   2.0000000000000000      			   26.262735477864783     
  0.40000000000000002      			   2.5000000000000000      			   25.711285591389661     
  0.40000000000000002      			   3.0000000000000000      			   25.340688713845125     
  0.40000000000000002      			   3.5000000000000000      			   25.117716838639392     
  0.40000000000000002      			   4.0000000000000000      			   25.092811578384577     
  0.40000000000000002      			   4.5000000000000000      			   25.175917596947787     
  0.40000000000000002      			   5.0000000000000000      			   25.384955194853237     
  0.40000000000000002      			   5.5000000000000000      			   25.665673632368449     
  0.40000000000000002      			   6.0000000000000000      			   26.018464805925554     
  0.40000000000000002      			   6.5000000000000000      			   26.414971341890318     
  0.40000000000000002      			   7.0000000000000000      			   26.850245369866222     
  0.40000000000000002      			   7.5000000000000000      			   27.309315391979347     
  0.40000000000000002      			   8.0000000000000000      			   27.786852363876200     
  0.40000000000000002      			   8.5000000000000000      			   28.274531476145576     
  0.40000000000000002      			   9.0000000000000000      			   28.768089747691977     
  0.40000000000000002      			   9.5000000000000000      			   29.262660562096912     
  0.40000000000000002      			   10.000000000000000      			   29.755208661983858     

  0.50000000000000000      			   0.0000000000000000      			   27.000000000000000     
  0.50000000000000000      			  0.50000000000000000      			   27.000000000000000     
  0.50000000000000000      			   1.0000000000000000      			   27.000000000000000     
  0.50000000000000000      			   1.5000000000000000      			   27.000000000000000     
  0.50000000000000000      			   2.0000000000000000      			   27.000000000000000     
  0.50000000000000000      			   2.5000000000000000      			   27.621602126461489     
  0.50000000000000000      			   3.0000000000000000      			   28.202774846323859     
  0.50000000000000000      			   3.5000000000000000      			   29.042383508776137     
  0.50000000000000000      			   4.0000000000000000      			   29.856885801012361     
  0.50000000000000000      			   4.5000000000000000      			   30.752378792099634     
  0.50000000000000000      			   5.0000000000000000      			   31.623660596121731     
  0.50000000000000000      			   5.5000000000000000      			   32.505609913674370     
  0.50000000000000000      			   6.0000000000000000      			   33.360417590036050     
  0.50000000000000000      			   6.5000000000000000      			   34.199526997810480     
  0.50000000000000000      			   7.0000000000000000      			   35.009781362733193     
  0.50000000000000000      			   7.5000000000000000      			   35.795291542911961     
  0.50000000000000000      			   8.0000000000000000      			   36.551901541060481     
  0.50000000000000000      			   8.5000000000000000      			   37.281512422779691     
  0.50000000000000000      			   9.0000000000000000      			   37.983253801814790     
  0.50000000000000000      			   9.5000000000000000      			   38.658374506730667     
  0.50000000000000000      			   10.000000000000000      			   39.307186820323636     

  0.59999999999999998      			   0.0000000000000000      			   27.000000000000000     
  0.59999999999999998      			  0.50000000000000000      			   27.000000000000000     
  0.59999999999999998      			   1.0000000000000000      			   27.000000000000000     
  0.59999999999999998      			   1.5000000000000000      			   27.000000000000000     
  0.59999999999999998      			   2.0000000000000000      			   29.266405753230480     
  0.59999999999999998      			   2.5000000000000000      			   30.961603552394745     
  0.59999999999999998      			   3.0000000000000000      			   33.130298288435199     
  0.59999999999999998      			   3.5000000000000000      			   34.970725817813992     
  0.59999999999999998      			   4.0000000000000000      			   36.823872781714833     
  0.59999999999999998      			   4.5000000000000000      			   38.472193225145837     
  0.59999999999999998      			   5.0000000000000000      			   40.031961318569714     
  0.59999999999999998      			   5.5000000000000000      			   41.448373078830031     
  0.59999999999999998      			   6.0000000000000000      			   42.766579517271637     
  0.59999999999999998      			   6.5000000000000000      			   43.977308391440516     
  0.59999999999999998      			   7.0000000000000000      			   45.101672398839938     
  0.59999999999999998      			   7.5000000000000000      			   46.142528289289928     
  0.59999999999999998      			   8.0000000000000000      			   47.111793487274028     
  0.59999999999999998      			   8.5000000000000000      			   48.014777161840144     
  0.59999999999999998      			   9.0000000000000000      			   48.859214790030656     
  0.59999999999999998      			   9.5000000000000000      			   49.650166742803130     
  0.59999999999999998      			   10.000000000000000      			   50.393089475729219     

  0.69999999999999996      			   0.0000000000000000      			   27.000000000000000     
  0.69999999999999996      			  0.50000000000000000      			   27.000000000000000     
  0.69999999999999996      			   1.0000000000000000      			   27.000000000000000     
  0.69999999999999996      			   1.5000000000000000      			   32.575358152946983     
  0.69999999999999996      			   2.0000000000000000      			   35.702998092405053     
  0.69999999999999996      			   2.5000000000000000      			   39.636594028987517     
  0.69999999999999996      			   3.0000000000000000      			   42.585273452818363     
  0.69999999999999996      			   3.5000000000000000      			   45.457809658047914     
  0.69999999999999996      			   4.0000000000000000      			   47.845728053257581     
  0.69999999999999996      			   4.5000000000000000      			   50.029037168014774     
  0.69999999999999996      			   5.0000000000000000      			   51.924634971258072     
  0.69999999999999996      			   5.5000000000000000      			   53.633924082552042     
  0.69999999999999996      			   6.0000000000000000      			   55.151134474962660     
  0.69999999999999996      			   6.5000000000000000      			   56.521025243273137     
  0.69999999999999996      			   7.0000000000000000      			   57.754068925453666     
  0.69999999999999996      			   7.5000000000000000      			   58.874157422708777     
  0.69999999999999996      			   8.0000000000000000      			   59.893025272920212     
  0.69999999999999996      			   8.5000000000000000      			   60.825358466249263     
  0.69999999999999996      			   9.0000000000000000      			   61.680917582066812     
  0.69999999999999996      			   9.5000000000000000      			   62.469548901873779     
  0.69999999999999996      			   10.000000000000000      			   63.198766209666566     

  0.79999999999999993      			   0.0000000000000000      			   27.000000000000000     
  0.79999999999999993      			  0.50000000000000000      			   27.000000000000000     
  0.79999999999999993      			   1.0000000000000000      			   40.715381056249583     
  0.79999999999999993      			   1.5000000000000000      			   45.844710556960813     
  0.79999999999999993      			   2.0000000000000000      			   51.816236435572485     
  0.79999999999999993      			   2.5000000000000000      			   55.565335888204174     
  0.79999999999999993      			   3.0000000000000000      			   59.106687682066230     
  0.79999999999999993      			   3.5000000000000000      			   61.819172750497621     
  0.79999999999999993      			   4.0000000000000000      			   64.238523747103017     
  0.79999999999999993      			   4.5000000000000000      			   66.249051706862232     
  0.79999999999999993      			   5.0000000000000000      			   68.022159837729603     
  0.79999999999999993      			   5.5000000000000000      			   69.551812651604180     
  0.79999999999999993      			   6.0000000000000000      			   70.905620722697464     
  0.79999999999999993      			   6.5000000000000000      			   72.098029553269853     
  0.79999999999999993      			   7.0000000000000000      			   73.161883155314968     
  0.79999999999999993      			   7.5000000000000000      			   74.112201467647765     
  0.79999999999999993      			   8.0000000000000000      			   74.967796714155867     
  0.79999999999999993      			   8.5000000000000000      			   75.740615195569561     
  0.79999999999999993      			   9.0000000000000000      			   76.442653420828108     
  0.79999999999999993      			   9.5000000000000000      			   77.082805638114692     
  0.79999999999999993      			   10.000000000000000      			   77.669221674932388     

  0.89999999999999991      			   0.0000000000000000      			   27.000000000000000     
  0.89999999999999991      			  0.50000000000000000      			   60.739837398373986     
  0.89999999999999991      			   1.0000000000000000      			   67.048912684248791     
  0.89999999999999991      			   1.5000000000000000      			   73.804016622359356     
  0.89999999999999991      			   2.0000000000000000      			   77.152259432213867     
  0.89999999999999991      			   2.5000000000000000      			   80.205803160321494     
  0.89999999999999991      			   3.0000000000000000      			   82.300815179655316     
  0.89999999999999991      			   3.5000000000000000      			   84.132139294596612     
  0.89999999999999991      			   4.0000000000000000      			   85.577218221956130     
  0.89999999999999991      			   4.5000000000000000      			   86.830912247643425     
  0.89999999999999991      			   5.0000000000000000      			   87.882630626332599     
  0.89999999999999991      			   5.5000000000000000      			   88.800069075545778     
  0.89999999999999991      			   6.0000000000000000      			   89.593432693640338     
  0.89999999999999991      			   6.5000000000000000      			   90.292113724297565     
  0.89999999999999991      			   7.0000000000000000      			   90.907480433514934     
  0.89999999999999991      			   7.5000000000000000      			   91.455009818996686     
  0.89999999999999991      			   8.0000000000000000      			   91.943701619669199     
  0.89999999999999991      			   8.5000000000000000      			   92.382885959025899     
  0.89999999999999991      			   9.0000000000000000      			   92.779163714114418     
  0.89999999999999991      			   9.5000000000000000      			   93.138645824927124     
  0.89999999999999991      			   10.000000000000000      			   93.466090535602106     

   1.0000000000000000      			   0.0000000000000000      			   110.00000000000000     
   1.0000000000000000      			  0.50000000000000000      			   110.00000000000000     
   1.0000000000000000      			   1.0000000000000000      			   110.00000000000000     
   1.0000000000000000      			   1.5000000000000000      			   110.00000000000000     
   1.0000000000000000      			   2.0000000000000000      			   110.00000000000000     
   1.0000000000000000      			   2.5000000000000000      			   110.00000000000000     
   1.0000000000000000      			   3.0000000000000000      			   110.00000000000000     
   1.0000000000000000      			   3.5000000000000000      			   110.00000000000000     
   1.0000000000000000      			   4.0000000000000000      			   110.00000000000000     
   1.0000000000000000      			   4.5000000000000000      			   110.00000000000000     
   1.0000000000000000      			   5.0000000000000000      			   110.00000000000000     
   1.0000000000000000      			   5.5000000000000000      			   110.00000000000000     
   1.0000000000000000      			   6.0000000000000000      			   110.00000000000000     
   1.0000000000000000      			   6.5000000000000000      			   110.00000000000000     
   1.0000000000000000      			   7.0000000000000000      			   110.00000000000000     
   1.0000000000000000      			   7.5000000000000000      			   110.00000000000000     
   1.0000000000000000      			   8.0000000000000000      			   110.00000000000000     
   1.0000000000000000      			   8.5000000000000000      			   110.00000000000000     
   1.0000000000000000      			   9.0000000000000000      			   110.00000000000000     
   1.0000000000000000      			   9.5000000000000000      			   110.00000000000000     
   1.0000000000000000      			   10.000000000000000      			   110.00000000000000     

