   2.5000000000000001E-002   1.9318274054410305     
   5.0000000000000003E-002   1.8625173996063620     
   7.5000000000000011E-002   1.7934965910715699     
  0.10000000000000001        1.7256357472432400     
  0.12500000000000000        1.6594523627363928     
  0.14999999999999999        1.5952399161722293     
  0.17499999999999999        1.5331503276267926     
  0.19999999999999998        1.4732465419253331     
  0.22499999999999998        1.4155360426596624     
  0.24999999999999997        1.3599921946257734     
  0.27499999999999997        1.3065678180560469     
  0.29999999999999999        1.2552038056589614     
  0.32500000000000001        1.2058345769259646     
  0.35000000000000003        1.1583915152051540     
  0.37500000000000006        1.1128051187511727     
  0.40000000000000008        1.0690063324825363     
  0.42500000000000010        1.0269273583386254     
  0.45000000000000012       0.98650213434516787     
  0.47500000000000014       0.94766660369109912     
  0.50000000000000011       0.91035885119672466     
  0.52500000000000013       0.87451915651521106     
  0.55000000000000016       0.84008999551240726     
  0.57500000000000018       0.80701600984677280     
  0.60000000000000020       0.77524395748071817     
  0.62500000000000022       0.74472265220245248     
  0.65000000000000024       0.71540289726938899     
  0.67500000000000027       0.68723741639120761     
  0.70000000000000029       0.66018078406398828     
  0.72500000000000031       0.63418935649817343     
  0.75000000000000033       0.60922120389404522     
  0.77500000000000036       0.58523604450773725     
  0.80000000000000038       0.56219518075397945     
  0.82500000000000040       0.54006143746756285     
  0.85000000000000042       0.51879910236760218     
  0.87500000000000044       0.49837386872026812     
  0.90000000000000047       0.47875278016603517     
  0.92500000000000049       0.45990417765980884     
  0.95000000000000051       0.44179764846218472     
  0.97500000000000053       0.42440397711477196     
   1.0000000000000004       0.40769509833020418     
   1.0250000000000004       0.39164405172703470     
   1.0500000000000003       0.37622493834044257     
   1.0750000000000002       0.36141287884110868     
   1.1000000000000001       0.34718397339646201     
   1.1250000000000000       0.33351526311056223     
   1.1499999999999999       0.32038469298105837     
   1.1749999999999998       0.30777107631387374     
   1.1999999999999997       0.29565406053846721     
   1.2249999999999996       0.28401409436868358     
   1.2499999999999996       0.27283239625631500     
   1.2749999999999995       0.26209092408654222     
   1.2999999999999994       0.25177234606640214     
   1.3249999999999993       0.24186001275933799     
   1.3499999999999992       0.23233793022072655     
   1.3749999999999991       0.22319073419104721     
   1.3999999999999990       0.21440366530506016     
   1.4249999999999989       0.20596254527699709     
   1.4499999999999988       0.19785375402334140     
   1.4749999999999988       0.19006420768628687     
   1.4999999999999987       0.18258133752241540     
   1.5249999999999986       0.17539306962253112     
   1.5499999999999985       0.16848780542992831     
   1.5749999999999984       0.16185440302565893     
   1.5999999999999983       0.15548215915060307     
   1.6249999999999982       0.14936079193533422     
   1.6499999999999981       0.14348042430991345     
   1.6749999999999980       0.13783156806684366     
   1.6999999999999980       0.13240510855146878     
   1.7249999999999979       0.12719228995511531     
   1.7499999999999978       0.12218470118724614     
   1.7749999999999977       0.11737426230383084     
   1.7999999999999976       0.11275321147003399     
   1.8249999999999975       0.10831409243618534     
   1.8499999999999974       0.10404974250682389     
   1.8749999999999973        9.9953280983403309E-002
   1.8999999999999972        9.6018098062010629E-002
   1.9249999999999972        9.2237844168184244E-002
   1.9499999999999971        8.8606419711622489E-002
   1.9749999999999970        8.5117965244251609E-002
   1.9999999999999969        8.1766852005772786E-002
   2.0249999999999968        7.8547672841433103E-002
   2.0499999999999967        7.5455233477365866E-002
   2.0749999999999966        7.2484544139422749E-002
   2.0999999999999965        6.9630811501974310E-002
   2.1249999999999964        6.6889430953688142E-002
   2.1499999999999964        6.4255979167804927E-002
   2.1749999999999963        6.1726206964924493E-002
   2.1999999999999962        5.9296032456785483E-002
   2.2249999999999961        5.6961534459976010E-002
   2.2499999999999960        5.4718946168947930E-002
   2.2749999999999959        5.2564649078126018E-002
   2.2999999999999958        5.0495167143305000E-002
   2.3249999999999957        4.8507161172913711E-002
   2.3499999999999956        4.6597423440096430E-002
   2.3749999999999956        4.4762872506917767E-002
   2.3999999999999955        4.3000548252339767E-002
   2.4249999999999954        4.1307607095948634E-002
   2.4499999999999953        3.9681317409724443E-002
   2.4749999999999952        3.8119055110450453E-002
   2.4999999999999951        3.6618299425650279E-002
   2.5249999999999950        3.5176628826221031E-002
   2.5499999999999949        3.3791717119199621E-002
   2.5749999999999948        3.2461329694357728E-002
   2.5999999999999948        3.1183319918569125E-002
   2.6249999999999947        2.9955625672131593E-002
   2.6499999999999946        2.8776266021454607E-002
   2.6749999999999945        2.7643338022744046E-002
   2.6999999999999944        2.6555013651526550E-002
   2.7249999999999943        2.5509536853059185E-002
   2.7499999999999942        2.4505220708865131E-002
   2.7749999999999941        2.3540444714823503E-002
   2.7999999999999940        2.2613652166421371E-002
   2.8249999999999940        2.1723347646948991E-002
   2.8499999999999939        2.0868094614585359E-002
   2.8749999999999938        2.0046513084480719E-002
   2.8999999999999937        1.9257277402096040E-002
   2.9249999999999936        1.8499114104206568E-002
   2.9499999999999935        1.7770799864118180E-002
   2.9749999999999934        1.7071159517781001E-002
   2.9999999999999933        1.6399064167615388E-002
   3.0249999999999932        1.5753429360990695E-002
   3.0499999999999932        1.5133213340417739E-002
   3.0749999999999931        1.4537415362631572E-002
   3.0999999999999930        1.3965074083852353E-002
   3.1249999999999929        1.3415266008618839E-002
   3.1499999999999928        1.2887103999691661E-002
   3.1749999999999927        1.2379735846622039E-002
   3.1999999999999926        1.1892342890676259E-002
   3.2249999999999925        1.1424138703897179E-002
   3.2499999999999925        1.0974367820171388E-002
   3.2749999999999924        1.0542304516254521E-002
   3.2999999999999923        1.0127251640787887E-002
   3.3249999999999922        9.7285394894169666E-003
   3.3499999999999921        9.3455247241967538E-003
   3.3749999999999920        8.9775893355403397E-003
   3.3999999999999919        8.6241396450358158E-003
   3.4249999999999918        8.2846053475225025E-003
   3.4499999999999917        7.9584385908808425E-003
   3.4749999999999917        7.6451130920511734E-003
   3.4999999999999916        7.3441232878550412E-003
   3.5249999999999915        7.0549835192488626E-003
   3.5499999999999914        6.7772272476937052E-003
   3.5749999999999913        6.5104063023767632E-003
   3.5999999999999912        6.2540901570698922E-003
   3.6249999999999911        6.0078652354583831E-003
   3.6499999999999910        5.7713342438190946E-003
   3.6749999999999909        5.5441155299712037E-003
   3.6999999999999909        5.3258424674651975E-003
   3.7249999999999908        5.1161628640164925E-003
   3.7499999999999907        4.9147383932291429E-003
   3.7749999999999906        4.7212440486927220E-003
   3.7999999999999905        4.5353676195715262E-003
   3.8249999999999904        4.3568091868399503E-003
   3.8499999999999903        4.1852806393511870E-003
   3.8749999999999902        4.0205052089584111E-003
   3.8999999999999901        3.8622170239383455E-003
   3.9249999999999901        3.7101606799966398E-003
   3.9499999999999900        3.5640908281628636E-003
   3.9749999999999899        3.4237717789101659E-003
   3.9999999999999898        3.2889771218608315E-003
   4.0249999999999897        3.1594893604641131E-003
   4.0499999999999901        3.0350995610568801E-003
   4.0749999999999904        2.9156070157408268E-003
   4.0999999999999908        2.8008189185322802E-003
   4.1249999999999911        2.6905500542620626E-003
   4.1499999999999915        2.5846224997234345E-003
   4.1749999999999918        2.4828653365859101E-003
   4.1999999999999922        2.3851143756117208E-003
   4.2249999999999925        2.2912118917299364E-003
   4.2499999999999929        2.2010063695407788E-003
   4.2749999999999932        2.1143522588394840E-003
   4.2999999999999936        2.0311097397652501E-003
   4.3249999999999940        1.9511444971963168E-003
   4.3499999999999943        1.8743275040271660E-003
   4.3749999999999947        1.8005348129781443E-003
   4.3999999999999950        1.7296473566015887E-003
   4.4249999999999954        1.6615507551617542E-003
   4.4499999999999957        1.5961351320785524E-003
   4.4749999999999961        1.5332949366373106E-003
   4.4999999999999964        1.4729287736784885E-003
   4.5249999999999968        1.4149392399925465E-003
   4.5499999999999972        1.3592327671559860E-003
   4.5749999999999975        1.3057194705549697E-003
   4.5999999999999979        1.2543130043529145E-003
   4.6249999999999982        1.2049304221680439E-003
   4.6499999999999986        1.1574920432360957E-003
   4.6749999999999989        1.1119213238422324E-003
   4.6999999999999993        1.0681447338147087E-003
   4.7249999999999996        1.0260916378810080E-003
   4.7500000000000000        9.8569418169501565E-004
   4.7750000000000004        9.4688718235132771E-004
   4.8000000000000007        9.0960802321003536E-004
   4.8250000000000011        8.7379655286228095E-004
   4.8500000000000014        8.3939498807356311E-004
   4.8750000000000018        8.0634782054818496E-004
   4.9000000000000021        7.7460172736440718E-004
   4.9250000000000025        7.4410548493578858E-004
   4.9500000000000028        7.1480988635988832E-004
   4.9750000000000032        6.8666766202096785E-004
   5.0000000000000036        6.5963340331858216E-004
