 -0.80000000000000004       0.14004282765737891     
 -0.79849849849849852       0.14185727679679844     
 -0.79699699699699700       0.14365928331359620     
 -0.79549549549549559       0.14544890547369571     
 -0.79399399399399406       0.14722620137511666     
 -0.79249249249249254       0.14899122894822031     
 -0.79099099099099102       0.15074404595595514     
 -0.78948948948948949       0.15248470999410357     
 -0.78798798798798808       0.15421327849152641     
 -0.78648648648648656       0.15592980871041034     
 -0.78498498498498503       0.15763435774651222     
 -0.78348348348348351       0.15932698252940564     
 -0.78198198198198199       0.16100773982272681     
 -0.78048048048048058       0.16267668622441997     
 -0.77897897897897905       0.16433387816698392     
 -0.77747747747747753       0.16597937191771672     
 -0.77597597597597601       0.16761322357896286     
 -0.77447447447447448       0.16923548908835773     
 -0.77297297297297307       0.17084622421907436     
 -0.77147147147147155       0.17244548458006939     
 -0.76996996996997003       0.17403332561632792     
 -0.76846846846846850       0.17560980260911013     
 -0.76696696696696698       0.17717497067619670     
 -0.76546546546546557       0.17872888477213511     
 -0.76396396396396404       0.18027159968848505     
 -0.76246246246246252       0.18180317005406410     
 -0.76096096096096100       0.18332365033519415     
 -0.75945945945945947       0.18483309483594651     
 -0.75795795795795806       0.18633155769838822     
 -0.75645645645645654       0.18781909290282806     
 -0.75495495495495502       0.18929575426806167     
 -0.75345345345345349       0.19076159545161769     
 -0.75195195195195197       0.19221666995000397     
 -0.75045045045045045       0.19366103109895283     
 -0.74894894894894903       0.19509473207366729     
 -0.74744744744744751       0.19651782588906658     
 -0.74594594594594599       0.19793036540003223     
 -0.74444444444444446       0.19933240330165361     
 -0.74294294294294294       0.20072399212947403     
 -0.74144144144144153       0.20210518425973620     
 -0.73993993993994001       0.20347603190962887     
 -0.73843843843843848       0.20483658713753139     
 -0.73693693693693696       0.20618690184326058     
 -0.73543543543543544       0.20752702776831616     
 -0.73393393393393402       0.20885701649612629     
 -0.73243243243243250       0.21017691945229428     
 -0.73093093093093098       0.21148678790484329     
 -0.72942942942942945       0.21278667296446310     
 -0.72792792792792793       0.21407662558475515     
 -0.72642642642642652       0.21535669656247880     
 -0.72492492492492500       0.21662693653779760     
 -0.72342342342342347       0.21788739599452389     
 -0.72192192192192195       0.21913812526036563     
 -0.72042042042042043       0.22037917450717204     
 -0.71891891891891890       0.22161059375117909     
 -0.71741741741741749       0.22283243285325560     
 -0.71591591591591597       0.22404474151914919     
 -0.71441441441441444       0.22524756929973166     
 -0.71291291291291292       0.22644096559124516     
 -0.71141141141141140       0.22762497963554790     
 -0.70990990990990999       0.22879966052035974     
 -0.70840840840840846       0.22996505717950896     
 -0.70690690690690694       0.23112121839317662     
 -0.70540540540540542       0.23226819278814348     
 -0.70390390390390389       0.23340602883803538     
 -0.70240240240240248       0.23453477486356933     
 -0.70090090090090096       0.23565447903279893     
 -0.69939939939939944       0.23676518936136068     
 -0.69789789789789791       0.23786695371271926     
 -0.69639639639639639       0.23895981979841391     
 -0.69489489489489498       0.24004383517830372     
 -0.69339339339339345       0.24111904726081401     
 -0.69189189189189193       0.24218550330318162     
 -0.69039039039039041       0.24324325041170103     
 -0.68888888888888888       0.24429233554197019     
 -0.68738738738738747       0.24533280549913611     
 -0.68588588588588595       0.24636470693814097     
 -0.68438438438438443       0.24738808636396792     
 -0.68288288288288290       0.24840299013188644     
 -0.68138138138138138       0.24940946444769888     
 -0.67987987987987997       0.25040755536798559     
 -0.67837837837837844       0.25139730880035160     
 -0.67687687687687692       0.25237877050367130     
 -0.67537537537537540       0.25335198608833515     
 -0.67387387387387387       0.25431700101649524     
 -0.67237237237237246       0.25527386060231094     
 -0.67087087087087094       0.25622261001219526     
 -0.66936936936936942       0.25716329426505991     
 -0.66786786786786789       0.25809595823256160     
 -0.66636636636636637       0.25902064663934782     
 -0.66486486486486496       0.25993740406330235     
 -0.66336336336336343       0.26084627493579204     
 -0.66186186186186191       0.26174730354191106     
 -0.66036036036036039       0.26264053402072801     
 -0.65885885885885886       0.26352601036553153     
 -0.65735735735735745       0.26440377642407537     
 -0.65585585585585593       0.26527387589882528     
 -0.65435435435435441       0.26613635234720395     
 -0.65285285285285288       0.26699124918183736     
 -0.65135135135135136       0.26783860967080048     
 -0.64984984984984995       0.26867847693786279     
 -0.64834834834834842       0.26951089396273470     
 -0.64684684684684690       0.27033590358131276     
 -0.64534534534534538       0.27115354848592582     
 -0.64384384384384385       0.27196387122558086     
 -0.64234234234234244       0.27276691420620847     
 -0.64084084084084092       0.27356271969090951     
 -0.63933933933933940       0.27435132980019961     
 -0.63783783783783787       0.27513278651225614     
 -0.63633633633633635       0.27590713166316377     
 -0.63483483483483494       0.27667440694715983     
 -0.63333333333333341       0.27743465391688066     
 -0.63183183183183189       0.27818791398360709     
 -0.63033033033033037       0.27893422841751042     
 -0.62882882882882885       0.27967363834789827     
 -0.62732732732732743       0.28040618476346030     
 -0.62582582582582591       0.28113190851251424     
 -0.62432432432432439       0.28185085030325135     
 -0.62282282282282286       0.28256305070398241     
 -0.62132132132132134       0.28326855014338381     
 -0.61981981981981993       0.28396738891074297     
 -0.61831831831831841       0.28465960715620431     
 -0.61681681681681688       0.28534524489101515     
 -0.61531531531531536       0.28602434198777149     
 -0.61381381381381384       0.28669693818066372     
 -0.61231231231231242       0.28736307306572273     
 -0.61081081081081079       0.28802278610106535     
 -0.60930930930930938       0.28867611660714027     
 -0.60780780780780785       0.28932310376697440     
 -0.60630630630630633       0.28996378662641764     
 -0.60480480480480492       0.29059820409438974     
 -0.60330330330330328       0.29122639494312563     
 -0.60180180180180187       0.29184839780842092     
 -0.60030030030030035       0.29246425118987879     
 -0.59879879879879883       0.29307399345115448     
 -0.59729729729729730       0.29367766282020197     
 -0.59579579579579578       0.29427529738951980     
 -0.59429429429429437       0.29486693511639628     
 -0.59279279279279284       0.29545261382315596     
 -0.59129129129129132       0.29603237119740539     
 -0.58978978978978980       0.29660624479227810     
 -0.58828828828828827       0.29717427202668190     
 -0.58678678678678686       0.29773649018554316     
 -0.58528528528528534       0.29829293642005383     
 -0.58378378378378382       0.29884364774791650     
 -0.58228228228228229       0.29938866105359063     
 -0.58078078078078077       0.29992801308853823     
 -0.57927927927927936       0.30046174047146962     
 -0.57777777777777783       0.30098987968858942     
 -0.57627627627627631       0.30151246709384211     
 -0.57477477477477479       0.30202953890915835     
 -0.57327327327327327       0.30254113122470011     
 -0.57177177177177185       0.30304727999910702     
 -0.57027027027027033       0.30354802105974205     
 -0.56876876876876881       0.30404339010293718     
 -0.56726726726726728       0.30453342269423955     
 -0.56576576576576576       0.30501815426865686     
 -0.56426426426426435       0.30549762013090342     
 -0.56276276276276282       0.30597185545564631     
 -0.56126126126126130       0.30644089528775037     
 -0.55975975975975978       0.30690477454252479     
 -0.55825825825825826       0.30736352800596856     
 -0.55675675675675684       0.30781719033501642     
 -0.55525525525525532       0.30826579605778476     
 -0.55375375375375380       0.30870937957381689     
 -0.55225225225225227       0.30914797515432985     
 -0.55075075075075075       0.30958161694245923     
 -0.54924924924924934       0.31001033895350577     
 -0.54774774774774782       0.31043417507518062     
 -0.54624624624624629       0.31085315906785144     
 -0.54474474474474477       0.31126732456478834     
 -0.54324324324324325       0.31167670507240930     
 -0.54174174174174183       0.31208133397052629     
 -0.54024024024024031       0.31248124451259113     
 -0.53873873873873879       0.31287646982594114     
 -0.53723723723723726       0.31326704291204499     
 -0.53573573573573574       0.31365299664674862     
 -0.53423423423423433       0.31403436378052102     
 -0.53273273273273281       0.31441117693869991     
 -0.53123123123123128       0.31478346862173795     
 -0.52972972972972976       0.31515127120544811     
 -0.52822822822822824       0.31551461694124955     
 -0.52672672672672682       0.31587353795641382     
 -0.52522522522522519       0.31622806625431049     
 -0.52372372372372378       0.31657823371465238     
 -0.52222222222222225       0.31692407209374279     
 -0.52072072072072073       0.31726561302471967     
 -0.51921921921921932       0.31760288801780251     
 -0.51771771771771768       0.31793592846053809     
 -0.51621621621621627       0.31826476561804568     
 -0.51471471471471475       0.31858943063326356     
 -0.51321321321321323       0.31890995452719445     
 -0.51171171171171181       0.31922636819915134     
 -0.51021021021021018       0.31953870242700372     
 -0.50870870870870877       0.31984698786742272     
 -0.50720720720720724       0.32015125505612735     
 -0.50570570570570572       0.32045153440813051     
 -0.50420420420420431       0.32074785621798430     
 -0.50270270270270268       0.32104025066002639     
 -0.50120120120120126       0.32132874778862519     
 -0.49969969969969974       0.32161337753842645     
 -0.49819819819819827       0.32189416972459833     
 -0.49669669669669675       0.32217115404307778     
 -0.49519519519519523       0.32244436007081606     
 -0.49369369369369376       0.32271381726602466     
 -0.49219219219219223       0.32297955496842123     
 -0.49069069069069071       0.32324160239947503     
 -0.48918918918918924       0.32349998866265328     
 -0.48768768768768772       0.32375474274366661     
 -0.48618618618618625       0.32400589351071474     
 -0.48468468468468473       0.32425346971473301     
 -0.48318318318318321       0.32449749998963728     
 -0.48168168168168174       0.32473801285257070     
 -0.48018018018018022       0.32497503670414846     
 -0.47867867867867875       0.32520859982870454     
 -0.47717717717717723       0.32543873039453713     
 -0.47567567567567570       0.32566545645415451     
 -0.47417417417417423       0.32588880594452091     
 -0.47267267267267271       0.32610880668730197     
 -0.47117117117117124       0.32632548638911135     
 -0.46966966966966972       0.32653887264175580     
 -0.46816816816816820       0.32674899292248116     
 -0.46666666666666673       0.32695587459421860     
 -0.46516516516516521       0.32715954490582994     
 -0.46366366366366374       0.32736003099235356     
 -0.46216216216216222       0.32755735987525053     
 -0.46066066066066069       0.32775155846265003     
 -0.45915915915915922       0.32794265354959556     
 -0.45765765765765770       0.32813067181829031     
 -0.45615615615615618       0.32831563983834344     
 -0.45465465465465471       0.32849758406701562     
 -0.45315315315315319       0.32867653084946497     
 -0.45165165165165172       0.32885250641899283     
 -0.45015015015015020       0.32902553689728942     
 -0.44864864864864867       0.32919564829468007     
 -0.44714714714714721       0.32936286651037078     
 -0.44564564564564568       0.32952721733269397     
 -0.44414414414414422       0.32968872643935426     
 -0.44264264264264269       0.32984741939767481     
 -0.44114114114114117       0.33000332166484247     
 -0.43963963963963970       0.33015645858815390     
 -0.43813813813813818       0.33030685540526156     
 -0.43663663663663671       0.33045453724441931     
 -0.43513513513513519       0.33059952912472795     
 -0.43363363363363366       0.33074185595638195     
 -0.43213213213213220       0.33088154254091412     
 -0.43063063063063067       0.33101861357144247     
 -0.42912912912912915       0.33115309363291523     
 -0.42762762762762768       0.33128500720235715     
 -0.42612612612612616       0.33141437864911527     
 -0.42462462462462469       0.33154123223510440     
 -0.42312312312312317       0.33166559211505348     
 -0.42162162162162165       0.33178748233675087     
 -0.42012012012012018       0.33190692684129053     
 -0.41861861861861865       0.33202394946331781     
 -0.41711711711711719       0.33213857393127488     
 -0.41561561561561566       0.33225082386764726     
 -0.41411411411411414       0.33236072278920903     
 -0.41261261261261267       0.33246829410726880     
 -0.41111111111111115       0.33257356112791581     
 -0.40960960960960968       0.33267654705226529     
 -0.40810810810810816       0.33277727497670473     
 -0.40660660660660664       0.33287576789313938     
 -0.40510510510510517       0.33297204868923819     
 -0.40360360360360364       0.33306614014867980     
 -0.40210210210210218       0.33315806495139794     
 -0.40060060060060065       0.33324784567382770     
 -0.39909909909909913       0.33333550478915130     
 -0.39759759759759766       0.33342106466754323     
 -0.39609609609609614       0.33350454757641712     
 -0.39459459459459462       0.33358597568067100     
 -0.39309309309309315       0.33366537104293281     
 -0.39159159159159163       0.33374275562380706     
 -0.39009009009009016       0.33381815128211995     
 -0.38858858858858863       0.33389157977516520     
 -0.38708708708708711       0.33396306275895066     
 -0.38558558558558564       0.33403262178844301     
 -0.38408408408408412       0.33410027831781441     
 -0.38258258258258265       0.33416605370068803     
 -0.38108108108108113       0.33422996919038389     
 -0.37957957957957961       0.33429204594016459     
 -0.37807807807807814       0.33435230500348134     
 -0.37657657657657662       0.33441076733421954     
 -0.37507507507507515       0.33446745378694476     
 -0.37357357357357363       0.33452238511714866     
 -0.37207207207207210       0.33457558198149467     
 -0.37057057057057063       0.33462706493806355     
 -0.36906906906906911       0.33467685444659973     
 -0.36756756756756759       0.33472497086875685     
 -0.36606606606606612       0.33477143446834362     
 -0.36456456456456460       0.33481626541156961     
 -0.36306306306306313       0.33485948376729108     
 -0.36156156156156161       0.33490110950725677     
 -0.36006006006006008       0.33494116250635403     
 -0.35855855855855862       0.33497966254285405     
 -0.35705705705705709       0.33501662929865822     
 -0.35555555555555562       0.33505208235954370     
 -0.35405405405405410       0.33508604121540936     
 -0.35255255255255258       0.33511852526052144     
 -0.35105105105105111       0.33514955379375944     
 -0.34954954954954959       0.33517914601886201     
 -0.34804804804804812       0.33520732104467282     
 -0.34654654654654660       0.33523409788538611     
 -0.34504504504504507       0.33525949546079287     
 -0.34354354354354361       0.33528353259652632     
 -0.34204204204204208       0.33530622802430804     
 -0.34054054054054061       0.33532760038219361     
 -0.33903903903903909       0.33534766821481837     
 -0.33753753753753757       0.33536644997364345     
 -0.33603603603603610       0.33538396401720139     
 -0.33453453453453458       0.33540022861134211     
 -0.33303303303303305       0.33541526192947874     
 -0.33153153153153159       0.33542908205283317     
 -0.33003003003003006       0.33544170697068254     
 -0.32852852852852860       0.33545315458060382     
 -0.32702702702702707       0.33546344268872119     
 -0.32552552552552555       0.33547258900995069     
 -0.32402402402402408       0.33548061116824651     
 -0.32252252252252256       0.33548752669684667     
 -0.32102102102102109       0.33549335303851902     
 -0.31951951951951957       0.33549810754580689     
 -0.31801801801801804       0.33550180748127495     
 -0.31651651651651658       0.33550447001775519     
 -0.31501501501501505       0.33550611223859245     
 -0.31351351351351359       0.33550675113789036     
 -0.31201201201201206       0.33550640362075745     
 -0.31051051051051054       0.33550508650355254     
 -0.30900900900900907       0.33550281651413072     
 -0.30750750750750755       0.33549961029208913     
 -0.30600600600600608       0.33549548438901322     
 -0.30450450450450456       0.33549045526872173     
 -0.30300300300300304       0.33548453930751315     
 -0.30150150150150157       0.33547775279441161     
 -0.30000000000000004       0.33547011193141213     
 -0.29849849849849852       0.33546163283372682     
 -0.29699699699699700       0.33545233153003096     
 -0.29549549549549559       0.33544222396270806     
 -0.29399399399399406       0.33543132598809655     
 -0.29249249249249254       0.33541965337673496     
 -0.29099099099099102       0.33540722181360805     
 -0.28948948948948949       0.33539404689839253     
 -0.28798798798798808       0.33538014414570289     
 -0.28648648648648656       0.33536552898533728     
 -0.28498498498498503       0.33535021676252319     
 -0.28348348348348351       0.33533422273816355     
 -0.28198198198198199       0.33531756208908226     
 -0.28048048048048058       0.33530024990827018     
 -0.27897897897897905       0.33528230120513081     
 -0.27747747747747753       0.33526373090572631     
 -0.27597597597597601       0.33524455385302310     
 -0.27447447447447448       0.33522478480713780     
 -0.27297297297297307       0.33520443844558306     
 -0.27147147147147155       0.33518352936351359     
 -0.26996996996997003       0.33516207207397131     
 -0.26846846846846850       0.33514008100813208     
 -0.26696696696696698       0.33511757051555074     
 -0.26546546546546557       0.33509455486440742     
 -0.26396396396396404       0.33507104824175304     
 -0.26246246246246252       0.33504706475375551     
 -0.26096096096096100       0.33502261842594500     
 -0.25945945945945947       0.33499772320346038     
 -0.25795795795795806       0.33497239295129483     
 -0.25645645645645654       0.33494664145454123     
 -0.25495495495495502       0.33492048241863859     
 -0.25345345345345349       0.33489392946961749     
 -0.25195195195195197       0.33486699615434612     
 -0.25045045045045045       0.33483969594077595     
 -0.24894894894894903       0.33481204221818761     
 -0.24744744744744751       0.33478404829743685     
 -0.24594594594594599       0.33475572741119991     
 -0.24444444444444446       0.33472709271422002     
 -0.24294294294294294       0.33469815728355273     
 -0.24144144144144153       0.33466893411881171     
 -0.23993993993994001       0.33463943614241487     
 -0.23843843843843848       0.33460967619983001     
 -0.23693693693693696       0.33457966705982062     
 -0.23543543543543544       0.33454942141469185     
 -0.23393393393393402       0.33451895188053610     
 -0.23243243243243250       0.33448827099747908     
 -0.23093093093093098       0.33445739122992552     
 -0.22942942942942945       0.33442632496680474     
 -0.22792792792792793       0.33439508452181721     
 -0.22642642642642652       0.33436368213367940     
 -0.22492492492492500       0.33433212996637041     
 -0.22342342342342347       0.33430044010937726     
 -0.22192192192192195       0.33426862457794121     
 -0.22042042042042043       0.33423669531330291     
 -0.21891891891891901       0.33420466418294897     
 -0.21741741741741749       0.33417254298085708     
 -0.21591591591591597       0.33414034342774246     
 -0.21441441441441444       0.33410807717130325     
 -0.21291291291291292       0.33407575578646648     
 -0.21141141141141151       0.33404339077563372     
 -0.20990990990990999       0.33401099356892761     
 -0.20840840840840846       0.33397857552443655     
 -0.20690690690690694       0.33394614792846133     
 -0.20540540540540542       0.33391372199576080     
 -0.20390390390390400       0.33388130886979750     
 -0.20240240240240248       0.33384891962298374     
 -0.20090090090090096       0.33381656525692710     
 -0.19939939939939944       0.33378425670267664     
 -0.19789789789789791       0.33375200482096840     
 -0.19639639639639650       0.33371982040247122     
 -0.19489489489489498       0.33368771416803306     
 -0.19339339339339345       0.33365569676892620     
 -0.19189189189189193       0.33362377878709309     
 -0.19039039039039041       0.33359197073539282     
 -0.18888888888888888       0.33356028305784630     
 -0.18738738738738747       0.33352872612988221     
 -0.18588588588588595       0.33349731025858309     
 -0.18438438438438443       0.33346604568293087     
 -0.18288288288288290       0.33343494257405276     
 -0.18138138138138138       0.33340401103546718     
 -0.17987987987987997       0.33337326110332949     
 -0.17837837837837844       0.33334270274667793     
 -0.17687687687687692       0.33331234586767894     
 -0.17537537537537540       0.33328220030187417     
 -0.17387387387387387       0.33325227581842459     
 -0.17237237237237246       0.33322258212035788     
 -0.17087087087087094       0.33319312884481350     
 -0.16936936936936942       0.33316392556328839     
 -0.16786786786786789       0.33313498178188322     
 -0.16636636636636637       0.33310630694154802     
 -0.16486486486486496       0.33307791041832785     
 -0.16336336336336343       0.33304980152360902     
 -0.16186186186186191       0.33302198950436440     
 -0.16036036036036039       0.33299448354339967     
 -0.15885885885885886       0.33296729275959885     
 -0.15735735735735745       0.33294042620817038     
 -0.15585585585585593       0.33291389288089263     
 -0.15435435435435441       0.33288770170636017     
 -0.15285285285285288       0.33286186155022918     
 -0.15135135135135136       0.33283638121546322     
 -0.14984984984984995       0.33281126944257944     
 -0.14834834834834842       0.33278653490989435     
 -0.14684684684684690       0.33276218623376924     
 -0.14534534534534538       0.33273823196885632     
 -0.14384384384384385       0.33271468060834458     
 -0.14234234234234244       0.33269154058420541     
 -0.14084084084084092       0.33266882026743866     
 -0.13933933933933940       0.33264652796831817     
 -0.13783783783783787       0.33262467193663775     
 -0.13633633633633635       0.33260326036195720     
 -0.13483483483483494       0.33258230137384759     
 -0.13333333333333341       0.33256180304213795     
 -0.13183183183183189       0.33254177337715990     
 -0.13033033033033037       0.33252222032999473     
 -0.12882882882882885       0.33250315179271828     
 -0.12732732732732743       0.33248457559864719     
 -0.12582582582582591       0.33246649952258472     
 -0.12432432432432439       0.33244893128106651     
 -0.12282282282282286       0.33243187853260614     
 -0.12132132132132134       0.33241534887794150     
 -0.11981981981981982       0.33239934986028014     
 -0.11831831831831841       0.33238388896554533     
 -0.11681681681681688       0.33236897362262174     
 -0.11531531531531536       0.33235461120360144     
 -0.11381381381381384       0.33234080902402946     
 -0.11231231231231231       0.33232757434315002     
 -0.11081081081081090       0.33231491436415178     
 -0.10930930930930938       0.33230283623441431     
 -0.10780780780780785       0.33229134704575325     
 -0.10630630630630633       0.33228045383466670     
 -0.10480480480480481       0.33227016358258088     
 -0.10330330330330340       0.33226048321609553     
 -0.10180180180180187       0.33225141960723048     
 -0.10030030030030035       0.33224297957367072     
  -9.8798798798798826E-002  0.33223516987901280     
  -9.7297297297297303E-002  0.33222799723301033     
  -9.5795795795795891E-002  0.33222146829181998     
  -9.4294294294294367E-002  0.33221558965824710     
  -9.2792792792792844E-002  0.33221036788199187     
  -9.1291291291291321E-002  0.33220580945989453     
  -8.9789789789789798E-002  0.33220192083618205     
  -8.8288288288288386E-002  0.33219870840271315     
  -8.6786786786786863E-002  0.33219617849922461     
  -8.5285285285285339E-002  0.33219433741357685     
  -8.3783783783783816E-002  0.33219319138199987     
  -8.2282282282282293E-002  0.33219274658933912     
  -8.0780780780780881E-002  0.33219300916930106     
  -7.9279279279279358E-002  0.33219398520469945     
  -7.7777777777777835E-002  0.33219568072770062     
  -7.6276276276276311E-002  0.33219810172006969     
  -7.4774774774774788E-002  0.33220125411341628     
  -7.3273273273273376E-002  0.33220514378944016     
  -7.1771771771771853E-002  0.33220977658017742     
  -7.0270270270270330E-002  0.33221515826824594     
  -6.8768768768768807E-002  0.33222129458709154     
  -6.7267267267267283E-002  0.33222819122123343     
  -6.5765765765765871E-002  0.33223585380651038     
  -6.4264264264264348E-002  0.33224428793032629     
  -6.2762762762762825E-002  0.33225349913189617     
  -6.1261261261261302E-002  0.33226349290249191     
  -5.9759759759759778E-002  0.33227427468568826     
  -5.8258258258258255E-002  0.33228584987760801     
  -5.6756756756756843E-002  0.33229822382716878     
  -5.5255255255255320E-002  0.33231140183632807     
  -5.3753753753753797E-002  0.33232538916032972     
  -5.2252252252252274E-002  0.33234019100794882     
  -5.0750750750750750E-002  0.33235581254173852     
  -4.9249249249249338E-002  0.33237225887827532     
  -4.7747747747747815E-002  0.33238953508840496     
  -4.6246246246246292E-002  0.33240764619748830     
  -4.4744744744744769E-002  0.33242659718564699     
  -4.3243243243243246E-002  0.33244639298800965     
  -4.1741741741741833E-002  0.33246703849495723     
  -4.0240240240240310E-002  0.33248853855236926     
  -3.8738738738738787E-002  0.33251089796186933     
  -3.7237237237237264E-002  0.33253412148107109     
  -3.5735735735735741E-002  0.33255821382382394     
  -3.4234234234234329E-002  0.33258317966045919     
  -3.2732732732732805E-002  0.33260902361803546     
  -3.1231231231231282E-002  0.33263575028058479     
  -2.9729729729729759E-002  0.33266336418935816     
  -2.8228228228228236E-002  0.33269186984307164     
  -2.6726726726726824E-002  0.33272127169815224     
  -2.5225225225225301E-002  0.33275157416898321     
  -2.3723723723723777E-002  0.33278278162815045     
  -2.2222222222222254E-002  0.33281489840668810     
  -2.0720720720720731E-002  0.33284792879432418     
  -1.9219219219219319E-002  0.33288187703972688     
  -1.7717717717717796E-002  0.33291674735074983     
  -1.6216216216216273E-002  0.33295254389467849     
  -1.4714714714714749E-002  0.33298927079847523     
  -1.3213213213213226E-002  0.33302693214902607     
  -1.1711711711711814E-002  0.33306553199338568     
  -1.0210210210210291E-002  0.33310507433902364     
  -8.7087087087087678E-003  0.33314556315407029     
  -7.2072072072072446E-003  0.33318700236756238     
  -5.7057057057057214E-003  0.33322939586968864     
  -4.2042042042043093E-003  0.33327274751203639     
  -2.7027027027027861E-003  0.33331706110783649     
  -1.2012012012012629E-003  0.33336234043220980     
   3.0030030030026023E-004  0.33340858922241251     
   1.8018018018017834E-003  0.33345581117808243     
   3.3033033033033066E-003  0.33350400996148444     
   4.8048048048047187E-003  0.33355318919775662     
   6.3063063063062419E-003  0.33360335247515543     
   7.8078078078077651E-003  0.33365450334530272     
   9.3093093093092882E-003  0.33370664532343025     
   1.0810810810810811E-002  0.33375978188862643     
   1.2312312312312224E-002  0.33381391648408149     
   1.3813813813813747E-002  0.33386905251733406     
   1.5315315315315270E-002  0.33392519336051629     
   1.6816816816816793E-002  0.33398234235059993     
   1.8318318318318316E-002  0.33404050278964209     
   1.9819819819819728E-002  0.33409967794503143     
   2.1321321321321252E-002  0.33415987104973327     
   2.2822822822822775E-002  0.33422108530253625     
   2.4324324324324298E-002  0.33428332386829734     
   2.5825825825825821E-002  0.33434658987818827     
   2.7327327327327233E-002  0.33441088642994121     
   2.8828828828828756E-002  0.33447621658809423     
   3.0330330330330280E-002  0.33454258338423748     
   3.1831831831831803E-002  0.33460998981725926     
   3.3333333333333326E-002  0.33467843885359100     
   3.4834834834834738E-002  0.33474793342745401     
   3.6336336336336261E-002  0.33481847644110457     
   3.7837837837837784E-002  0.33489007076508048     
   3.9339339339339308E-002  0.33496271923844595     
   4.0840840840840831E-002  0.33503642466903844     
   4.2342342342342243E-002  0.33511118983371363     
   4.3843843843843766E-002  0.33518701747859175     
   4.5345345345345289E-002  0.33526391031930325     
   4.6846846846846812E-002  0.33534187104123458     
   4.8348348348348336E-002  0.33542090229977412     
   4.9849849849849748E-002  0.33550100672055788     
   5.1351351351351271E-002  0.33558218689971525     
   5.2852852852852794E-002  0.33566444540411522     
   5.4354354354354317E-002  0.33574778477161166     
   5.5855855855855840E-002  0.33583220751128967     
   5.7357357357357253E-002  0.33591771610371091     
   5.8858858858858776E-002  0.33600431300115979     
   6.0360360360360299E-002  0.33609200062788919     
   6.1861861861861822E-002  0.33618078138036606     
   6.3363363363363345E-002  0.33627065762751751     
   6.4864864864864868E-002  0.33636163171097672     
   6.6366366366366281E-002  0.33645370594532831     
   6.7867867867867804E-002  0.33654688261835475     
   6.9369369369369327E-002  0.33664116399128169     
   7.0870870870870850E-002  0.33673655229902388     
   7.2372372372372373E-002  0.33683304975043132     
   7.3873873873873785E-002  0.33693065852853454     
   7.5375375375375309E-002  0.33702938079079114     
   7.6876876876876832E-002  0.33712921866933088     
   7.8378378378378355E-002  0.33723017427120172     
   7.9879879879879878E-002  0.33733224967861608     
   8.1381381381381290E-002  0.33743544694919614     
   8.2882882882882813E-002  0.33753976811621988     
   8.4384384384384337E-002  0.33764521518886670     
   8.5885885885885860E-002  0.33775179015246359     
   8.7387387387387383E-002  0.33785949496873080     
   8.8888888888888795E-002  0.33796833157602740     
   9.0390390390390318E-002  0.33807830188959770     
   9.1891891891891841E-002  0.33818940780181622     
   9.3393393393393365E-002  0.33830165118243444     
   9.4894894894894888E-002  0.33841503387882582     
   9.6396396396396300E-002  0.33852955771623233     
   9.7897897897897823E-002  0.33864522449800954     
   9.9399399399399346E-002  0.33876203600587312     
  0.10090090090090087       0.33887999400014435     
  0.10240240240240239       0.33899910021999569     
  0.10390390390390380       0.33911935638369700     
  0.10540540540540533       0.33924076418886145     
  0.10690690690690685       0.33936332531269092     
  0.10840840840840837       0.33948704141222175     
  0.10990990990990990       0.33961191412457148     
  0.11141141141141131       0.33973794506718341     
  0.11291291291291283       0.33986513583807343     
  0.11441441441441436       0.33999348801607521     
  0.11591591591591588       0.34012300316108635     
  0.11741741741741740       0.34025368281431412     
  0.11891891891891881       0.34038552849852127     
  0.12042042042042034       0.34051854171827195     
  0.12192192192192186       0.34065272396017726     
  0.12342342342342338       0.34078807669314121     
  0.12492492492492491       0.34092460136860686     
  0.12642642642642632       0.34106229942080163     
  0.12792792792792784       0.34120117226698332     
  0.12942942942942937       0.34134122130768640     
  0.13093093093093089       0.34148244792696664     
  0.13243243243243241       0.34162485349264826     
  0.13393393393393394       0.34176843935656925     
  0.13543543543543535       0.34191320685482662     
  0.13693693693693687       0.34205915730802317     
  0.13843843843843839       0.34220629202151254     
  0.13993993993993992       0.34235461228564562     
  0.14144144144144144       0.34250411937601599     
  0.14294294294294285       0.34265481455370583     
  0.14444444444444438       0.34280669906553202     
  0.14594594594594590       0.34295977414429124     
  0.14744744744744742       0.34311404100900667     
  0.14894894894894894       0.34326950086517322     
  0.15045045045045036       0.34342615490500367     
  0.15195195195195188       0.34358400430767427     
  0.15345345345345340       0.34374305023957064     
  0.15495495495495493       0.34390329385453366     
  0.15645645645645645       0.34406473629410511     
  0.15795795795795786       0.34422737868777381     
  0.15945945945945939       0.34439122215322110     
  0.16096096096096091       0.34455626779656695     
  0.16246246246246243       0.34472251671261545     
  0.16396396396396395       0.34488996998510102     
  0.16546546546546537       0.34505862868693393     
  0.16696696696696689       0.34522849388044613     
  0.16846846846846841       0.34539956661763749     
  0.16996996996996994       0.34557184794042090     
  0.17147147147147146       0.34574533888086878     
  0.17297297297297287       0.34592004046145858     
  0.17447447447447439       0.34609595369531848     
  0.17597597597597592       0.34627307958647352     
  0.17747747747747744       0.34645141913009114     
  0.17897897897897896       0.34663097331272741     
  0.18048048048048038       0.34681174311257218     
  0.18198198198198190       0.34699372949969559     
  0.18348348348348342       0.34717693343629352     
  0.18498498498498495       0.34736135587693329     
  0.18648648648648647       0.34754699776880005     
  0.18798798798798788       0.34773386005194190     
  0.18948948948948940       0.34792194365951629     
  0.19099099099099093       0.34811124951803551     
  0.19249249249249245       0.34830177854761246     
  0.19399399399399397       0.34849353166220670     
  0.19549549549549550       0.34868650976987037     
  0.19699699699699691       0.34888071377299346     
  0.19849849849849843       0.34907614456855041     
  0.19999999999999996       0.34927280304834502     
  0.20150150150150137       0.34947069009925724     
  0.20300300300300300       0.34966980660348834     
  0.20450450450450441       0.34987015343880684     
  0.20600600600600605       0.35007173147879439     
  0.20750750750750746       0.35027454159309174     
  0.20900900900900887       0.35047858464764436     
  0.21051051051051051       0.35068386150494840     
  0.21201201201201192       0.35089037302429621     
  0.21351351351351355       0.35109812006202257     
  0.21501501501501497       0.35130710347175031     
  0.21651651651651638       0.35151732410463615     
  0.21801801801801801       0.35172878280961667     
  0.21951951951951942       0.35194148043365370     
  0.22102102102102106       0.35215541782198073     
  0.22252252252252247       0.35237059581834806     
  0.22402402402402388       0.35258701526526937     
  0.22552552552552552       0.35280467700426688     
  0.22702702702702693       0.35302358187611771     
  0.22852852852852856       0.35324373072109938     
  0.23003003003002997       0.35346512437923538     
  0.23153153153153139       0.35368776369054172     
  0.23303303303303302       0.35391164949527237     
  0.23453453453453443       0.35413678263416459     
  0.23603603603603607       0.35436316394868572     
  0.23753753753753748       0.35459079428127821     
  0.23903903903903889       0.35481967447560575     
  0.24054054054054053       0.35504980537679925     
  0.24204204204204194       0.35528118783170215     
  0.24354354354354357       0.35551382268911708     
  0.24504504504504498       0.35574771080005085     
  0.24654654654654640       0.35598285301796040     
  0.24804804804804803       0.35621925019899925     
  0.24954954954954944       0.35645690320226264     
  0.25105105105105108       0.35669581289003366     
  0.25255255255255249       0.35693598012802913     
  0.25405405405405390       0.35717740578564500     
  0.25555555555555554       0.35742009073620290     
  0.25705705705705695       0.35766403585719508     
  0.25855855855855858       0.35790924203053115     
  0.26006006006005999       0.35815571014278313     
  0.26156156156156141       0.35840344108543171     
  0.26306306306306304       0.35865243575511180     
  0.26456456456456445       0.35890269505385880     
  0.26606606606606609       0.35915421988935392     
  0.26756756756756750       0.35940701117517015     
  0.26906906906906891       0.35966106983101814     
  0.27057057057057055       0.35991639678299225     
  0.27207207207207196       0.36017299296381589     
  0.27357357357357359       0.36043085931308771     
  0.27507507507507500       0.36068999677752717     
  0.27657657657657642       0.36095040631122072     
  0.27807807807807805       0.36121208887586731     
  0.27957957957957946       0.36147504544102405     
  0.28108108108108110       0.36173927698435260     
  0.28258258258258251       0.36200478449186457     
  0.28408408408408392       0.36227156895816731     
  0.28558558558558556       0.36253963138671025     
  0.28708708708708697       0.36280897279002972     
  0.28858858858858860       0.36307959418999586     
  0.29009009009009001       0.36335149661805799     
  0.29159159159159165       0.36362468111549007     
  0.29309309309309306       0.36389914873363705     
  0.29459459459459447       0.36417490053416079     
  0.29609609609609611       0.36445193758928490     
  0.29759759759759752       0.36473026098204187     
  0.29909909909909915       0.36500987180651823     
  0.30060060060060056       0.36529077116809999     
  0.30210210210210198       0.36557296018371943     
  0.30360360360360361       0.36585643998209988     
  0.30510510510510502       0.36614121170400243     
  0.30660660660660666       0.36642727650247131     
  0.30810810810810807       0.36671463554307948     
  0.30960960960960948       0.36700329000417514     
  0.31111111111111112       0.36729324107712696     
  0.31261261261261253       0.36758448996657000     
  0.31411411411411416       0.36787703789065174     
  0.31561561561561557       0.36817088608127768     
  0.31711711711711699       0.36846603578435771     
  0.31861861861861862       0.36876248826005081     
  0.32012012012012003       0.36906024478301203     
  0.32162162162162167       0.36935930664263772     
  0.32312312312312308       0.36965967514331133     
  0.32462462462462449       0.36996135160464955     
  0.32612612612612613       0.37026433736174791     
  0.32762762762762754       0.37056863376542654     
  0.32912912912912917       0.37087424218247633     
  0.33063063063063058       0.37118116399590406     
  0.33213213213213200       0.37148940060517910     
  0.33363363363363363       0.37179895342647890     
  0.33513513513513504       0.37210982389293423     
  0.33663663663663668       0.37242201345487591     
  0.33813813813813809       0.37273552358007994     
  0.33963963963963950       0.37305035575401380     
  0.34114114114114114       0.37336651148008199     
  0.34264264264264255       0.37368399227987187     
  0.34414414414414418       0.37400279969339967     
  0.34564564564564559       0.37432293527935606     
  0.34714714714714701       0.37464440061535215     
  0.34864864864864864       0.37496719729816536     
  0.35015015015015005       0.37529132694398482     
  0.35165165165165169       0.37561679118865793     
  0.35315315315315310       0.37594359168793540     
  0.35465465465465451       0.37627173011771764     
  0.35615615615615615       0.37660120817430037     
  0.35765765765765756       0.37693202757462030     
  0.35915915915915919       0.37726419005650119     
  0.36066066066066060       0.37759769737889964     
  0.36216216216216202       0.37793255132215081     
  0.36366366366366365       0.37826875368821428     
  0.36516516516516506       0.37860630630091974     
  0.36666666666666670       0.37894521100621320     
  0.36816816816816811       0.37928546967240229     
  0.36966966966966952       0.37962708419040270     
  0.37117117117117115       0.37997005647398324     
  0.37267267267267257       0.38031438846001231     
  0.37417417417417420       0.38066008210870356     
  0.37567567567567561       0.38100713940386138     
  0.37717717717717703       0.38135556235312718     
  0.37867867867867866       0.38170535298822506     
  0.38018018018018007       0.38205651336520724     
  0.38168168168168171       0.38240904556470073     
  0.38318318318318312       0.38276295169215213     
  0.38468468468468453       0.38311823387807431     
  0.38618618618618616       0.38347489427829190     
  0.38768768768768758       0.38383293507418692     
  0.38918918918918921       0.38419235847294481     
  0.39069069069069062       0.38455316670780026     
  0.39219219219219204       0.38491536203828308     
  0.39369369369369367       0.38527894675046387     
  0.39519519519519508       0.38564392315719975     
  0.39669669669669672       0.38601029359838063     
  0.39819819819819813       0.38637806044117456     
  0.39969969969969954       0.38674722608027395     
  0.40120120120120117       0.38711779293814080     
  0.40270270270270259       0.38748976346525310     
  0.40420420420420422       0.38786314014035056     
  0.40570570570570563       0.38823792547068009     
  0.40720720720720704       0.38861412199224216     
  0.40870870870870868       0.38899173227003603     
  0.41021021021021009       0.38937075889830602     
  0.41171171171171173       0.38975120450078704     
  0.41321321321321314       0.39013307173095058     
  0.41471471471471455       0.39051636327225059     
  0.41621621621621618       0.39090108183836914     
  0.41771771771771760       0.39128723017346229     
  0.41921921921921923       0.39167481105240587     
  0.42072072072072064       0.39206382728104150     
  0.42222222222222228       0.39245428169642232     
  0.42372372372372369       0.39284617716705822     
  0.42522522522522510       0.39323951659316303     
  0.42672672672672673       0.39363430290689905     
  0.42822822822822815       0.39403053907262320     
  0.42972972972972978       0.39442822808713340     
  0.43123123123123119       0.39482737297991360     
  0.43273273273273261       0.39522797681338007     
  0.43423423423423424       0.39563004268312735     
  0.43573573573573565       0.39603357371817344     
  0.43723723723723729       0.39643857308120656     
  0.43873873873873870       0.39684504396882986     
  0.44024024024024011       0.39725298961180816     
  0.44174174174174174       0.39766241327531338     
  0.44324324324324316       0.39807331825917053     
  0.44474474474474479       0.39848570789810317     
  0.44624624624624620       0.39889958556197952     
  0.44774774774774762       0.39931495465605843     
  0.44924924924924925       0.39973181862123491     
  0.45075075075075066       0.40015018093428589     
  0.45225225225225230       0.40057004510811656     
  0.45375375375375371       0.40099141469200544     
  0.45525525525525512       0.40141429327185091     
  0.45675675675675675       0.40183868447041654     
  0.45825825825825817       0.40226459194757730     
  0.45975975975975980       0.40269201940056476     
  0.46126126126126121       0.40312097056421375     
  0.46276276276276263       0.40355144921120756     
  0.46426426426426426       0.40398345915232409     
  0.46576576576576567       0.40441700423668125     
  0.46726726726726731       0.40485208835198350     
  0.46876876876876872       0.40528871542476680     
  0.47027027027027013       0.40572688942064516     
  0.47177177177177176       0.40616661434455625     
  0.47327327327327318       0.40660789424100674     
  0.47477477477477481       0.40705073319431895     
  0.47627627627627622       0.40749513532887605     
  0.47777777777777763       0.40794110480936813     
  0.47927927927927927       0.40838864584103807     
  0.48078078078078068       0.40883776266992694     
  0.48228228228228232       0.40928845958312071     
  0.48378378378378373       0.40974074090899482     
  0.48528528528528514       0.41019461101746130     
  0.48678678678678677       0.41065007432021366     
  0.48828828828828819       0.41110713527097320     
  0.48978978978978982       0.41156579836573437     
  0.49129129129129123       0.41202606814301135     
  0.49279279279279264       0.41248794918408299     
  0.49429429429429428       0.41295144611323931     
  0.49579579579579569       0.41341656359802692     
  0.49729729729729732       0.41388330634949516     
  0.49879879879879874       0.41435167912244147     
  0.50030030030030015       0.41482168671565772     
  0.50180180180180178       0.41529333397217583     
  0.50330330330330320       0.41576662577951340     
  0.50480480480480483       0.41624156706991972     
  0.50630630630630624       0.41671816282062174     
  0.50780780780780765       0.41719641805406926     
  0.50930930930930929       0.41767633783818209     
  0.51081081081081070       0.41815792728659390     
  0.51231231231231233       0.41864119155890006     
  0.51381381381381375       0.41912613586090186     
  0.51531531531531516       0.41961276544485349     
  0.51681681681681679       0.42010108560970716     
  0.51831831831831821       0.42059110170135910     
  0.51981981981981984       0.42108281911289552     
  0.52132132132132125       0.42157624328483834     
  0.52282282282282266       0.42207137970539083     
  0.52432432432432430       0.42256823391068393     
  0.52582582582582571       0.42306681148502145     
  0.52732732732732734       0.42356711806112640     
  0.52882882882882876       0.42406915932038636     
  0.53033033033033017       0.42457294099309978     
  0.53183183183183180       0.42507846885872158     
  0.53333333333333321       0.42558574874610861     
  0.53483483483483485       0.42609478653376626     
  0.53633633633633626       0.42660558815009358     
  0.53783783783783767       0.42711815957362942     
  0.53933933933933931       0.42763250683329829     
  0.54084084084084072       0.42814863600865583     
  0.54234234234234235       0.42866655323013525     
  0.54384384384384377       0.42918626467929233     
  0.54534534534534518       0.42970777658905229     
  0.54684684684684681       0.43023109524395453     
  0.54834834834834822       0.43075622698039906     
  0.54984984984984986       0.43128317818689249     
  0.55135135135135127       0.43181195530429306     
  0.55285285285285291       0.43234256482605748     
  0.55435435435435432       0.43287501329848582     
  0.55585585585585573       0.43340930732096805     
  0.55735735735735736       0.43394545354622954     
  0.55885885885885878       0.43448345868057664     
  0.56036036036036041       0.43502332948414307     
  0.56186186186186182       0.43556507277113532     
  0.56336336336336323       0.43610869541007857     
  0.56486486486486487       0.43665420432406271     
  0.56636636636636628       0.43720160649098755     
  0.56786786786786791       0.43775090894380964     
  0.56936936936936933       0.43830211877078706     
  0.57087087087087074       0.43885524311572599     
  0.57237237237237237       0.43941028917822628     
  0.57387387387387379       0.43996726421392685     
  0.57537537537537542       0.44052617553475248     
  0.57687687687687683       0.44108703050915860     
  0.57837837837837824       0.44164983656237777     
  0.57987987987987988       0.44221460117666528     
  0.58138138138138129       0.44278133189154489     
  0.58288288288288292       0.44335003630405506     
  0.58438438438438434       0.44392072206899402     
  0.58588588588588575       0.44449339689916634     
  0.58738738738738738       0.44506806856562847     
  0.58888888888888880       0.44564474489793415     
  0.59039039039039043       0.44622343378438145     
  0.59189189189189184       0.44680414317225670     
  0.59339339339339325       0.44738688106808211     
  0.59489489489489489       0.44797165553786089     
  0.59639639639639630       0.44855847470732246     
  0.59789789789789793       0.44914734676216933     
  0.59939939939939935       0.44973827994832227     
  0.60090090090090076       0.45033128257216648     
  0.60240240240240239       0.45092636300079703     
  0.60390390390390380       0.45152352966226500     
  0.60540540540540544       0.45212279104582309     
  0.60690690690690685       0.45272415570217156     
  0.60840840840840826       0.45332763224370415     
  0.60990990990990990       0.45393322934475389     
  0.61141141141141131       0.45454095574183823     
  0.61291291291291294       0.45515082023390635     
  0.61441441441441436       0.45576283168258314     
  0.61591591591591577       0.45637699901241674     
  0.61741741741741740       0.45699333121112312     
  0.61891891891891881       0.45761183732983252     
  0.62042042042042045       0.45823252648333518     
  0.62192192192192186       0.45885540785032680     
  0.62342342342342327       0.45948049067365510     
  0.62492492492492491       0.46010778426056481     
  0.62642642642642632       0.46073729798294427     
  0.62792792792792795       0.46136904127757056     
  0.62942942942942937       0.46200302364635565     
  0.63093093093093078       0.46263925465659228     
  0.63243243243243241       0.46327774394119980     
  0.63393393393393382       0.46391850119896960     
  0.63543543543543546       0.46456153619481172     
  0.63693693693693687       0.46520685875999956     
  0.63843843843843828       0.46585447879241676     
  0.63993993993993992       0.46650440625680245     
  0.64144144144144133       0.46715665118499711     
  0.64294294294294296       0.46781122367618877     
  0.64444444444444438       0.46846813389715802     
  0.64594594594594579       0.46912739208252491     
  0.64744744744744742       0.46978900853499406     
  0.64894894894894883       0.47045299362560039     
  0.65045045045045047       0.47111935779395547     
  0.65195195195195188       0.47178811154849282     
  0.65345345345345329       0.47245926546671424     
  0.65495495495495493       0.47313283019543528     
  0.65645645645645634       0.47380881645103101     
  0.65795795795795797       0.47448723501968232     
  0.65945945945945939       0.47516809675762078     
  0.66096096096096080       0.47585141259137576     
  0.66246246246246243       0.47653719351801921     
  0.66396396396396384       0.47722545060541188     
  0.66546546546546548       0.47791619499244925     
  0.66696696696696689       0.47860943788930710     
  0.66846846846846830       0.47930519057768728     
  0.66996996996996994       0.48000346441106412     
  0.67147147147147135       0.48070427081492945     
  0.67297297297297298       0.48140762128703890     
  0.67447447447447439       0.48211352739765767     
  0.67597597597597603       0.48282200078980642     
  0.67747747747747744       0.48353305317950651     
  0.67897897897897885       0.48424669635602680     
  0.68048048048048049       0.48496294218212888     
  0.68198198198198190       0.48568180259431259     
  0.68348348348348353       0.48640328960306273     
  0.68498498498498495       0.48712741529309372     
  0.68648648648648636       0.48785419182359696     
  0.68798798798798799       0.48858363142848499     
  0.68948948948948940       0.48931574641663839     
  0.69099099099099104       0.49005054917215130     
  0.69249249249249245       0.49078805215457733     
  0.69399399399399386       0.49152826789917486     
  0.69549549549549550       0.49227120901715404     
  0.69699699699699691       0.49301688819592127     
  0.69849849849849854       0.49376531819932568     
  0.69999999999999996       0.49451651186790502     
  0.70150150150150137       0.49527048211913144     
