 -0.80000000000000004       0.16137848297213631     
 -0.79849849849849852       0.16249955900647503     
 -0.79699699699699700       0.16361614570566640     
 -0.79549549549549559       0.16472825191134310     
 -0.79399399399399406       0.16583588646513842     
 -0.79249249249249254       0.16693905820868515     
 -0.79099099099099102       0.16803777598361613     
 -0.78948948948948949       0.16913204863156445     
 -0.78798798798798808       0.17022188499416285     
 -0.78648648648648656       0.17130729391304447     
 -0.78498498498498503       0.17238828422984218     
 -0.78348348348348351       0.17346486478618889     
 -0.78198198198198199       0.17453704442371759     
 -0.78048048048048058       0.17560483198406107     
 -0.77897897897897905       0.17666823630885245     
 -0.77747747747747753       0.17772726623972468     
 -0.77597597597597601       0.17878193061831057     
 -0.77447447447447448       0.17983223828624320     
 -0.77297297297297307       0.18087819808515521     
 -0.77147147147147155       0.18191981885667993     
 -0.76996996996997003       0.18295710944245003     
 -0.76846846846846850       0.18399007868409861     
 -0.76696696696696698       0.18501873542325853     
 -0.76546546546546557       0.18604308850156256     
 -0.76396396396396404       0.18706314676064403     
 -0.76246246246246252       0.18807891904213556     
 -0.76096096096096100       0.18909041418767017     
 -0.75945945945945947       0.19009764103888091     
 -0.75795795795795806       0.19110060843740048     
 -0.75645645645645654       0.19209932522486209     
 -0.75495495495495502       0.19309380024289854     
 -0.75345345345345349       0.19408404233314272     
 -0.75195195195195197       0.19507006033722776     
 -0.75045045045045045       0.19605186309678632     
 -0.74894894894894903       0.19702945945345157     
 -0.74744744744744751       0.19800285824885627     
 -0.74594594594594599       0.19897206832463360     
 -0.74444444444444446       0.19993709852241628     
 -0.74294294294294294       0.20089795768383731     
 -0.74144144144144153       0.20185465465052965     
 -0.73993993993994001       0.20280719826412621     
 -0.73843843843843848       0.20375559736626001     
 -0.73693693693693696       0.20469986079856389     
 -0.73543543543543544       0.20563999740267083     
 -0.73393393393393402       0.20657601602021369     
 -0.73243243243243250       0.20750792549282554     
 -0.73093093093093098       0.20843573466213930     
 -0.72942942942942945       0.20935945236978784     
 -0.72792792792792793       0.21027908745740415     
 -0.72642642642642652       0.21119464876662108     
 -0.72492492492492500       0.21210614513907169     
 -0.72342342342342347       0.21301358541638890     
 -0.72192192192192195       0.21391697844020560     
 -0.72042042042042043       0.21481633305215472     
 -0.71891891891891890       0.21571165809386922     
 -0.71741741741741749       0.21660296240698190     
 -0.71591591591591597       0.21749025483312603     
 -0.71441441441441444       0.21837354421393432     
 -0.71291291291291292       0.21925283939103976     
 -0.71141141141141140       0.22012814920607518     
 -0.70990990990990999       0.22099948250067358     
 -0.70840840840840846       0.22186684811646812     
 -0.70690690690690694       0.22273025489509138     
 -0.70540540540540542       0.22358971167817659     
 -0.70390390390390389       0.22444522730735650     
 -0.70240240240240248       0.22529681062426413     
 -0.70090090090090096       0.22614447047053232     
 -0.69939939939939944       0.22698821568779415     
 -0.69789789789789791       0.22782805511768262     
 -0.69639639639639639       0.22866399760183043     
 -0.69489489489489498       0.22949605198187059     
 -0.69339339339339345       0.23032422709943615     
 -0.69189189189189193       0.23114853179615996     
 -0.69039039039039041       0.23196897491367505     
 -0.68888888888888888       0.23278556529361424     
 -0.68738738738738747       0.23359831177761051     
 -0.68588588588588595       0.23440722320729682     
 -0.68438438438438443       0.23521230842430613     
 -0.68288288288288290       0.23601357627027131     
 -0.68138138138138138       0.23681103558682537     
 -0.67987987987987997       0.23760469521560115     
 -0.67837837837837844       0.23839456399823170     
 -0.67687687687687692       0.23918065077634995     
 -0.67537537537537540       0.23996296439158873     
 -0.67387387387387387       0.24074151368558108     
 -0.67237237237237246       0.24151630749995986     
 -0.67087087087087094       0.24228735467635806     
 -0.66936936936936942       0.24305466405640871     
 -0.66786786786786789       0.24381824448174458     
 -0.66636636636636637       0.24457810479399869     
 -0.66486486486486496       0.24533425383480392     
 -0.66336336336336343       0.24608670044579331     
 -0.66186186186186191       0.24683545346859981     
 -0.66036036036036039       0.24758052174485620     
 -0.65885885885885886       0.24832191411619559     
 -0.65735735735735745       0.24905963942425074     
 -0.65585585585585593       0.24979370651065474     
 -0.65435435435435441       0.25052412421704051     
 -0.65285285285285288       0.25125090138504091     
 -0.65135135135135136       0.25197404685628905     
 -0.64984984984984995       0.25269356947241761     
 -0.64834834834834842       0.25340947807505965     
 -0.64684684684684690       0.25412178150584824     
 -0.64534534534534538       0.25483048860641616     
 -0.64384384384384385       0.25553560821839638     
 -0.64234234234234244       0.25623714918342178     
 -0.64084084084084092       0.25693512034312543     
 -0.63933933933933940       0.25762953053914023     
 -0.63783783783783787       0.25832038861309908     
 -0.63633633633633635       0.25900770340663493     
 -0.63483483483483494       0.25969148376138063     
 -0.63333333333333341       0.26037173851896939     
 -0.63183183183183189       0.26104847652103386     
 -0.63033033033033037       0.26172170660920707     
 -0.62882882882882885       0.26239143762512207     
 -0.62732732732732743       0.26305767841041150     
 -0.62582582582582591       0.26372043780670873     
 -0.62432432432432439       0.26437972465564641     
 -0.62282282282282286       0.26503554779885752     
 -0.62132132132132134       0.26568791607797498     
 -0.61981981981981993       0.26633683833463179     
 -0.61831831831831841       0.26698232341046091     
 -0.61681681681681688       0.26762438014709522     
 -0.61531531531531536       0.26826301738616765     
 -0.61381381381381384       0.26889824396931117     
 -0.61231231231231242       0.26953006873815866     
 -0.61081081081081079       0.27015850053434332     
 -0.60930930930930938       0.27078354819949763     
 -0.60780780780780785       0.27140522057525490     
 -0.60630630630630633       0.27202352650324790     
 -0.60480480480480492       0.27263847482510956     
 -0.60330330330330328       0.27325007438247306     
 -0.60180180180180187       0.27385833401697091     
 -0.60030030030030035       0.27446326257023651     
 -0.59879879879879883       0.27506486888390247     
 -0.59729729729729730       0.27566316179960187     
 -0.59579579579579578       0.27625815015896760     
 -0.59429429429429437       0.27684984280363251     
 -0.59279279279279284       0.27743824857522981     
 -0.59129129129129132       0.27802337631539215     
 -0.58978978978978980       0.27860523486575273     
 -0.58828828828828827       0.27918383306794420     
 -0.58678678678678686       0.27975917976359965     
 -0.58528528528528534       0.28033128379435213     
 -0.58378378378378382       0.28090015400183443     
 -0.58228228228228229       0.28146579922767950     
 -0.58078078078078077       0.28202822831352026     
 -0.57927927927927936       0.28258745010098973     
 -0.57777777777777783       0.28314347343172086     
 -0.57627627627627631       0.28369630714734645     
 -0.57477477477477479       0.28424596008949959     
 -0.57327327327327327       0.28479244109981317     
 -0.57177177177177185       0.28533575901992003     
 -0.57027027027027033       0.28587592269145323     
 -0.56876876876876881       0.28641294095604564     
 -0.56726726726726728       0.28694682265533034     
 -0.56576576576576576       0.28747757663094003     
 -0.56426426426426435       0.28800521172450788     
 -0.56276276276276282       0.28852973677766663     
 -0.56126126126126130       0.28905116063204933     
 -0.55975975975975978       0.28956949212928901     
 -0.55825825825825826       0.29008474011101837     
 -0.55675675675675684       0.29059691341887056     
 -0.55525525525525532       0.29110602089447835     
 -0.55375375375375380       0.29161207137947492     
 -0.55225225225225227       0.29211507371549295     
 -0.55075075075075075       0.29261503674416545     
 -0.54924924924924934       0.29311196930712541     
 -0.54774774774774782       0.29360588024600576     
 -0.54624624624624629       0.29409677840243947     
 -0.54474474474474477       0.29458467261805943     
 -0.54324324324324325       0.29506957173449855     
 -0.54174174174174183       0.29555148459338987     
 -0.54024024024024031       0.29603042003636615     
 -0.53873873873873879       0.29650638690506059     
 -0.53723723723723726       0.29697939404110590     
 -0.53573573573573574       0.29744945028613506     
 -0.53423423423423433       0.29791656448178105     
 -0.53273273273273281       0.29838074546967686     
 -0.53123123123123128       0.29884200209145539     
 -0.52972972972972976       0.29930034318874954     
 -0.52822822822822824       0.29975577760319233     
 -0.52672672672672682       0.30020831417641652     
 -0.52522522522522519       0.30065796175005527     
 -0.52372372372372378       0.30110472916574138     
 -0.52222222222222225       0.30154862526510784     
 -0.52072072072072073       0.30198965888978757     
 -0.51921921921921932       0.30242783888141345     
 -0.51771771771771768       0.30286317408161856     
 -0.51621621621621627       0.30329567333203578     
 -0.51471471471471475       0.30372534547429797     
 -0.51321321321321323       0.30415219935003818     
 -0.51171171171171181       0.30457624380088927     
 -0.51021021021021018       0.30499748766848422     
 -0.50870870870870877       0.30541593979445592     
 -0.50720720720720724       0.30583160902043738     
 -0.50570570570570572       0.30624450418806154     
 -0.50420420420420431       0.30665463413896116     
 -0.50270270270270268       0.30706200771476949     
 -0.50120120120120126       0.30746663375711913     
 -0.49969969969969974       0.30786852110764329     
 -0.49819819819819827       0.30826767860797477     
 -0.49669669669669675       0.30866411509974656     
 -0.49519519519519523       0.30905783942459164     
 -0.49369369369369376       0.30944886042414282     
 -0.49219219219219223       0.30983718694003309     
 -0.49069069069069071       0.31022282781389549     
 -0.48918918918918924       0.31060579188736281     
 -0.48768768768768772       0.31098608800206806     
 -0.48618618618618625       0.31136372499964415     
 -0.48468468468468473       0.31173871172172413     
 -0.48318318318318321       0.31211105700994080     
 -0.48168168168168174       0.31248076970592709     
 -0.48018018018018022       0.31284785865131615     
 -0.47867867867867875       0.31321233268774062     
 -0.47717717717717723       0.31357420065683367     
 -0.47567567567567570       0.31393347140022809     
 -0.47417417417417423       0.31429015375955693     
 -0.47267267267267271       0.31464425657645306     
 -0.47117117117117124       0.31499578869254946     
 -0.46966966966966972       0.31534475894947911     
 -0.46816816816816820       0.31569117618887477     
 -0.46666666666666673       0.31603504925236953     
 -0.46516516516516521       0.31637638698159626     
 -0.46366366366366374       0.31671519821818794     
 -0.46216216216216222       0.31705149180377762     
 -0.46066066066066069       0.31738527657999799     
 -0.45915915915915922       0.31771656138848220     
 -0.45765765765765770       0.31804535507086307     
 -0.45615615615615618       0.31837166646877352     
 -0.45465465465465471       0.31869550442384670     
 -0.45315315315315319       0.31901687777771526     
 -0.45165165165165172       0.31933579537201229     
 -0.45015015015015020       0.31965226604837071     
 -0.44864864864864867       0.31996629864842352     
 -0.44714714714714721       0.32027790201380352     
 -0.44564564564564568       0.32058708498614374     
 -0.44414414414414422       0.32089385640707718     
 -0.44264264264264269       0.32119822511823665     
 -0.44114114114114117       0.32150019996125517     
 -0.43963963963963970       0.32179978977776563     
 -0.43813813813813818       0.32209700340940095     
 -0.43663663663663671       0.32239184969779411     
 -0.43513513513513519       0.32268433748457803     
 -0.43363363363363366       0.32297447561138581     
 -0.43213213213213220       0.32326227291985010     
 -0.43063063063063067       0.32354773825160399     
 -0.42912912912912915       0.32383088044828051     
 -0.42762762762762768       0.32411170835151237     
 -0.42612612612612616       0.32439023080293278     
 -0.42462462462462469       0.32466645664417443     
 -0.42312312312312317       0.32494039471687042     
 -0.42162162162162165       0.32521205386265362     
 -0.42012012012012018       0.32548144292315695     
 -0.41861861861861865       0.32574857074001345     
 -0.41711711711711719       0.32601344615485589     
 -0.41561561561561566       0.32627607800931741     
 -0.41411411411411414       0.32653647514503076     
 -0.41261261261261267       0.32679464640362899     
 -0.41111111111111115       0.32705060062674501     
 -0.40960960960960968       0.32730434665601177     
 -0.40810810810810816       0.32755589333306223     
 -0.40660660660660664       0.32780524949952933     
 -0.40510510510510517       0.32805242399704593     
 -0.40360360360360364       0.32829742566724496     
 -0.40210210210210218       0.32854026335175945     
 -0.40060060060060065       0.32878094589222240     
 -0.39909909909909913       0.32901948213026661     
 -0.39759759759759766       0.32925588090752500     
 -0.39609609609609614       0.32949015106563062     
 -0.39459459459459462       0.32972230144621628     
 -0.39309309309309315       0.32995234089091507     
 -0.39159159159159163       0.33018027824135987     
 -0.39009009009009016       0.33040612233918359     
 -0.38858858858858863       0.33062988202601917     
 -0.38708708708708711       0.33085156614349953     
 -0.38558558558558564       0.33107118353325771     
 -0.38408408408408412       0.33128874303692651     
 -0.38258258258258265       0.33150425349613899     
 -0.38108108108108113       0.33171772375252800     
 -0.37957957957957961       0.33192916264772654     
 -0.37807807807807814       0.33213857902336757     
 -0.37657657657657662       0.33234598172108387     
 -0.37507507507507515       0.33255137958250858     
 -0.37357357357357363       0.33275478144927451     
 -0.37207207207207210       0.33295619616301464     
 -0.37057057057057063       0.33315563256536190     
 -0.36906906906906911       0.33335309949794922     
 -0.36756756756756759       0.33354860580240964     
 -0.36606606606606612       0.33374216032037590     
 -0.36456456456456460       0.33393377189348117     
 -0.36306306306306313       0.33412344936335814     
 -0.36156156156156161       0.33431120157164002     
 -0.36006006006006008       0.33449703735995945     
 -0.35855855855855862       0.33468096556994958     
 -0.35705705705705709       0.33486299504324335     
 -0.35555555555555562       0.33504313462147356     
 -0.35405405405405410       0.33522139314627336     
 -0.35255255255255258       0.33539777945927546     
 -0.35105105105105111       0.33557230240211289     
 -0.34954954954954959       0.33574497081641863     
 -0.34804804804804812       0.33591579354382556     
 -0.34654654654654660       0.33608477942596671     
 -0.34504504504504507       0.33625193730447489     
 -0.34354354354354361       0.33641727602098309     
 -0.34204204204204208       0.33658080441712429     
 -0.34054054054054061       0.33674253133453141     
 -0.33903903903903909       0.33690246561483739     
 -0.33753753753753757       0.33706061609967514     
 -0.33603603603603610       0.33721699163067759     
 -0.33453453453453458       0.33737160104947767     
 -0.33303303303303305       0.33752445319770841     
 -0.33153153153153159       0.33767555691700268     
 -0.33003003003003006       0.33782492104899348     
 -0.32852852852852860       0.33797255443531365     
 -0.32702702702702707       0.33811846591759614     
 -0.32552552552552555       0.33826266433747393     
 -0.32402402402402408       0.33840515853657999     
 -0.32252252252252256       0.33854595735654724     
 -0.32102102102102109       0.33868506963900857     
 -0.31951951951951957       0.33882250422559695     
 -0.31801801801801804       0.33895826995794537     
 -0.31651651651651658       0.33909237567768657     
 -0.31501501501501505       0.33922483022645372     
 -0.31351351351351359       0.33935564244587973     
 -0.31201201201201206       0.33948482117759737     
 -0.31051051051051054       0.33961237526323984     
 -0.30900900900900907       0.33973831354443984     
 -0.30750750750750755       0.33986264486283035     
 -0.30600600600600608       0.33998537806004447     
 -0.30450450450450456       0.34010652197771490     
 -0.30300300300300304       0.34022608545747479     
 -0.30150150150150157       0.34034407734095695     
 -0.30000000000000004       0.34046050646979437     
 -0.29849849849849852       0.34057538168562002     
 -0.29699699699699700       0.34068871183006671     
 -0.29549549549549559       0.34080050574476756     
 -0.29399399399399406       0.34091077227135536     
 -0.29249249249249254       0.34101952025146320     
 -0.29099099099099102       0.34112675852672381     
 -0.28948948948948949       0.34123249593877025     
 -0.28798798798798808       0.34133674132923553     
 -0.28648648648648656       0.34143950353975239     
 -0.28498498498498503       0.34154079141195398     
 -0.28348348348348351       0.34164061378747307     
 -0.28198198198198199       0.34173897950794269     
 -0.28048048048048058       0.34183589741499587     
 -0.27897897897897905       0.34193137635026533     
 -0.27747747747747753       0.34202542515538420     
 -0.27597597597597601       0.34211805267198525     
 -0.27447447447447448       0.34220926774170157     
 -0.27297297297297307       0.34229907920616603     
 -0.27147147147147155       0.34238749590701151     
 -0.26996996996997003       0.34247452668587108     
 -0.26846846846846850       0.34256018038437758     
 -0.26696696696696698       0.34264446584416408     
 -0.26546546546546557       0.34272739190686324     
 -0.26396396396396404       0.34280896741410832     
 -0.26246246246246252       0.34288920120753202     
 -0.26096096096096100       0.34296810212876749     
 -0.25945945945945947       0.34304567901944749     
 -0.25795795795795806       0.34312194072120494     
 -0.25645645645645654       0.34319689607567305     
 -0.25495495495495502       0.34327055392448441     
 -0.25345345345345349       0.34334292310927211     
 -0.25195195195195197       0.34341401247166919     
 -0.25045045045045045       0.34348383085330841     
 -0.24894894894894903       0.34355238709582292     
 -0.24744744744744751       0.34361969004084542     
 -0.24594594594594599       0.34368574853000899     
 -0.24444444444444446       0.34375057140494658     
 -0.24294294294294294       0.34381416750729099     
 -0.24144144144144153       0.34387654567867532     
 -0.23993993993994001       0.34393771476073243     
 -0.23843843843843848       0.34399768359509530     
 -0.23693693693693696       0.34405646102339682     
 -0.23543543543543544       0.34411405588726995     
 -0.23393393393393402       0.34417047702834769     
 -0.23243243243243250       0.34422573328826284     
 -0.23093093093093098       0.34427983350864844     
 -0.22942942942942945       0.34433278653113736     
 -0.22792792792792793       0.34438460119736264     
 -0.22642642642642652       0.34443528634895720     
 -0.22492492492492500       0.34448485082755387     
 -0.22342342342342347       0.34453330347478567     
 -0.22192192192192195       0.34458065313228553     
 -0.22042042042042043       0.34462690864168638     
 -0.21891891891891901       0.34467207884462125     
 -0.21741741741741749       0.34471617258272286     
 -0.21591591591591597       0.34475919869762445     
 -0.21441441441441444       0.34480116603095867     
 -0.21291291291291292       0.34484208342435857     
 -0.21141141141141151       0.34488195971945712     
 -0.20990990990990999       0.34492080375788725     
 -0.20840840840840846       0.34495862438128189     
 -0.20690690690690694       0.34499543043127395     
 -0.20540540540540542       0.34503123074949649     
 -0.20390390390390400       0.34506603417758225     
 -0.20240240240240248       0.34509984955716422     
 -0.20090090090090096       0.34513268572987549     
 -0.19939939939939944       0.34516455153734887     
 -0.19789789789789791       0.34519545582121736     
 -0.19639639639639650       0.34522540742311375     
 -0.19489489489489498       0.34525441518467115     
 -0.19339339339339345       0.34528248794752259     
 -0.19189189189189193       0.34530963455330071     
 -0.19039039039039041       0.34533586384363862     
 -0.18888888888888888       0.34536118466016918     
 -0.18738738738738747       0.34538560584452555     
 -0.18588588588588595       0.34540913623834035     
 -0.18438438438438443       0.34543178468324670     
 -0.18288288288288290       0.34545356002087757     
 -0.18138138138138138       0.34547447109286583     
 -0.17987987987987997       0.34549452674084441     
 -0.17837837837837844       0.34551373580644623     
 -0.17687687687687692       0.34553210713130428     
 -0.17537537537537540       0.34554964955705153     
 -0.17387387387387387       0.34556637192532086     
 -0.17237237237237246       0.34558228307774524     
 -0.17087087087087094       0.34559739185595756     
 -0.16936936936936942       0.34561170710159078     
 -0.16786786786786789       0.34562523765627784     
 -0.16636636636636637       0.34563799236165171     
 -0.16486486486486496       0.34564998005934533     
 -0.16336336336336343       0.34566120959099156     
 -0.16186186186186191       0.34567168979822349     
 -0.16036036036036039       0.34568142952267383     
 -0.15885885885885886       0.34569043760597573     
 -0.15735735735735745       0.34569872288976206     
 -0.15585585585585593       0.34570629421566568     
 -0.15435435435435441       0.34571316042531963     
 -0.15285285285285288       0.34571933036035685     
 -0.15135135135135136       0.34572481286241019     
 -0.14984984984984995       0.34572961677311265     
 -0.14834834834834842       0.34573375093409714     
 -0.14684684684684690       0.34573722418699671     
 -0.14534534534534538       0.34574004537344410     
 -0.14384384384384385       0.34574222333507243     
 -0.14234234234234244       0.34574376691351455     
 -0.14084084084084092       0.34574468495040339     
 -0.13933933933933940       0.34574498628737194     
 -0.13783783783783787       0.34574467976605305     
 -0.13633633633633635       0.34574377422807984     
 -0.13483483483483494       0.34574227851508499     
 -0.13333333333333341       0.34574020146870160     
 -0.13183183183183189       0.34573755193056266     
 -0.13033033033033037       0.34573433874230097     
 -0.12882882882882885       0.34573057074554958     
 -0.12732732732732743       0.34572625678194135     
 -0.12582582582582591       0.34572140569310927     
 -0.12432432432432439       0.34571602632068621     
 -0.12282282282282286       0.34571012750630520     
 -0.12132132132132134       0.34570371809159911     
 -0.11981981981981982       0.34569680691820093     
 -0.11831831831831841       0.34568940282774363     
 -0.11681681681681688       0.34568151466185998     
 -0.11531531531531536       0.34567315126218306     
 -0.11381381381381384       0.34566432147034581     
 -0.11231231231231231       0.34565503412798104     
 -0.11081081081081090       0.34564529807672190     
 -0.10930930930930938       0.34563512215820114     
 -0.10780780780780785       0.34562451521405180     
 -0.10630630630630633       0.34561348608590681     
 -0.10480480480480481       0.34560204361539909     
 -0.10330330330330340       0.34559019664416157     
 -0.10180180180180187       0.34557795401382718     
 -0.10030030030030035       0.34556532456602890     
  -9.8798798798798826E-002  0.34555231714239959     
  -9.7297297297297303E-002  0.34553894058457230     
  -9.5795795795795891E-002  0.34552520373417989     
  -9.4294294294294367E-002  0.34551111543285529     
  -9.2792792792792844E-002  0.34549668452223153     
  -9.1291291291291321E-002  0.34548191984394150     
  -8.9789789789789798E-002  0.34546683023961799     
  -8.8288288288288386E-002  0.34545142455089423     
  -8.6786786786786863E-002  0.34543571161940290     
  -8.5285285285285339E-002  0.34541970028677715     
  -8.3783783783783816E-002  0.34540339939464970     
  -8.2282282282282293E-002  0.34538681778465363     
  -8.0780780780780881E-002  0.34536996429842187     
  -7.9279279279279358E-002  0.34535284777758729     
  -7.7777777777777835E-002  0.34533547706378298     
  -7.6276276276276311E-002  0.34531786099864165     
  -7.4774774774774788E-002  0.34530000842379643     
  -7.3273273273273376E-002  0.34528192818088016     
  -7.1771771771771853E-002  0.34526362911152580     
  -7.0270270270270330E-002  0.34524512005736635     
  -6.8768768768768807E-002  0.34522640986003467     
  -6.7267267267267283E-002  0.34520750736116373     
  -6.5765765765765871E-002  0.34518842140238643     
  -6.4264264264264348E-002  0.34516916082533577     
  -6.2762762762762825E-002  0.34514973447164465     
  -6.1261261261261302E-002  0.34513015118294604     
  -5.9759759759759778E-002  0.34511041980087287     
  -5.8258258258258255E-002  0.34509054916705800     
  -5.6756756756756843E-002  0.34507054812313454     
  -5.5255255255255320E-002  0.34505042551073517     
  -5.3753753753753797E-002  0.34503019017149311     
  -5.2252252252252274E-002  0.34500985094704112     
  -5.0750750750750750E-002  0.34498941667901217     
  -4.9249249249249338E-002  0.34496889620903931     
  -4.7747747747747815E-002  0.34494829837875524     
  -4.6246246246246292E-002  0.34492763202979315     
  -4.4744744744744769E-002  0.34490690600378587     
  -4.3243243243243246E-002  0.34488612914236633     
  -4.1741741741741833E-002  0.34486531028716749     
  -4.0240240240240310E-002  0.34484445827982224     
  -3.8738738738738787E-002  0.34482358196196361     
  -3.7237237237237264E-002  0.34480269017522441     
  -3.5735735735735741E-002  0.34478179176123774     
  -3.4234234234234329E-002  0.34476089556163642     
  -3.2732732732732805E-002  0.34474001041805341     
  -3.1231231231231282E-002  0.34471914517212171     
  -2.9729729729729759E-002  0.34469830866547413     
  -2.8228228228228236E-002  0.34467750973974370     
  -2.6726726726726824E-002  0.34465675723656342     
  -2.5225225225225301E-002  0.34463605999756614     
  -2.3723723723723777E-002  0.34461542686438479     
  -2.2222222222222254E-002  0.34459486667865230     
  -2.0720720720720731E-002  0.34457438828200165     
  -1.9219219219219319E-002  0.34455400051606583     
  -1.7717717717717796E-002  0.34453371222247769     
  -1.6216216216216273E-002  0.34451353224287018     
  -1.4714714714714749E-002  0.34449346941887626     
  -1.3213213213213226E-002  0.34447353259212887     
  -1.1711711711711814E-002  0.34445373060426093     
  -1.0210210210210291E-002  0.34443407229690542     
  -8.7087087087087678E-003  0.34441456651169522     
  -7.2072072072072446E-003  0.34439522209026330     
  -5.7057057057057214E-003  0.34437604787424264     
  -4.2042042042043093E-003  0.34435705270526612     
  -2.7027027027027861E-003  0.34433824542496660     
  -1.2012012012012629E-003  0.34431963487497724     
   3.0030030030026023E-004  0.34430122989693079     
   1.8018018018017834E-003  0.34428303933246029     
   3.3033033033033066E-003  0.34426507202319862     
   4.8048048048047187E-003  0.34424733681077879     
   6.3063063063062419E-003  0.34422984253683359     
   7.8078078078077651E-003  0.34421259804299603     
   9.3093093093092882E-003  0.34419561217089917     
   1.0810810810810811E-002  0.34417889376217586     
   1.2312312312312224E-002  0.34416245165845905     
   1.3813813813813747E-002  0.34414629470138153     
   1.5315315315315270E-002  0.34413043173257646     
   1.6816816816816793E-002  0.34411487159367665     
   1.8318318318318316E-002  0.34409962312631504     
   1.9819819819819728E-002  0.34408469517212475     
   2.1321321321321252E-002  0.34407009657273840     
   2.2822822822822775E-002  0.34405583616978924     
   2.4324324324324298E-002  0.34404192280490997     
   2.5825825825825821E-002  0.34402836531973363     
   2.7327327327327233E-002  0.34401517255589326     
   2.8828828828828756E-002  0.34400235335502161     
   3.0330330330330280E-002  0.34398991655875172     
   3.1831831831831803E-002  0.34397787100871652     
   3.3333333333333326E-002  0.34396622554654893     
   3.4834834834834738E-002  0.34395498901388188     
   3.6336336336336261E-002  0.34394417025234836     
   3.7837837837837784E-002  0.34393377810358128     
   3.9339339339339308E-002  0.34392382140921357     
   4.0840840840840831E-002  0.34391430901087811     
   4.2342342342342243E-002  0.34390524975020803     
   4.3843843843843766E-002  0.34389665246883605     
   4.5345345345345289E-002  0.34388852600839526     
   4.6846846846846812E-002  0.34388087921051846     
   4.8348348348348336E-002  0.34387372091683877     
   4.9849849849849748E-002  0.34386705996898892     
   5.1351351351351271E-002  0.34386090520860196     
   5.2852852852852794E-002  0.34385526547731088     
   5.4354354354354317E-002  0.34385014961674859     
   5.5855855855855840E-002  0.34384556646854797     
   5.7357357357357253E-002  0.34384152487434194     
   5.8858858858858776E-002  0.34383803367576354     
   6.0360360360360299E-002  0.34383510171444565     
   6.1861861861861822E-002  0.34383273783202117     
   6.3363363363363345E-002  0.34383095087012316     
   6.4864864864864868E-002  0.34382974967038438     
   6.6366366366366281E-002  0.34382914307443796     
   6.7867867867867804E-002  0.34382913992391673     
   6.9369369369369327E-002  0.34382974906045360     
   7.0870870870870850E-002  0.34383097932568163     
   7.2372372372372373E-002  0.34383283956123362     
   7.3873873873873785E-002  0.34383533860874266     
   7.5375375375375309E-002  0.34383848530984151     
   7.6876876876876832E-002  0.34384228850616322     
   7.8378378378378355E-002  0.34384675703934076     
   7.9879879879879878E-002  0.34385189975100694     
   8.1381381381381290E-002  0.34385772548279486     
   8.2882882882882813E-002  0.34386424307633728     
   8.4384384384384337E-002  0.34387146137326730     
   8.5885885885885860E-002  0.34387938921521782     
   8.7387387387387383E-002  0.34388803544382168     
   8.8888888888888795E-002  0.34389740890071196     
   9.0390390390390318E-002  0.34390751842752149     
   9.1891891891891841E-002  0.34391837286588323     
   9.3393393393393365E-002  0.34392998105743017     
   9.4894894894894888E-002  0.34394235184379512     
   9.6396396396396300E-002  0.34395549406661124     
   9.7897897897897823E-002  0.34396941656751129     
   9.9399399399399346E-002  0.34398412818812824     
  0.10090090090090087       0.34399963777009507     
  0.10240240240240239       0.34401595415504471     
  0.10390390390390380       0.34403308618461009     
  0.10540540540540533       0.34405104270042403     
  0.10690690690690685       0.34406983254411977     
  0.10840840840840837       0.34408946455732992     
  0.10990990990990990       0.34410994758168761     
  0.11141141141141131       0.34413129045882573     
  0.11291291291291283       0.34415350203037720     
  0.11441441441441436       0.34417659113797500     
  0.11591591591591588       0.34420056662325205     
  0.11741741741741740       0.34422543732784128     
  0.11891891891891881       0.34425121209337561     
  0.12042042042042034       0.34427789976148798     
  0.12192192192192186       0.34430550917381142     
  0.12342342342342338       0.34433404917197874     
  0.12492492492492491       0.34436352859762298     
  0.12642642642642632       0.34439395629237696     
  0.12792792792792784       0.34442534109787376     
  0.12942942942942937       0.34445769185574626     
  0.13093093093093089       0.34449101740762733     
  0.13243243243243241       0.34452532659515006     
  0.13393393393393394       0.34456062825994721     
  0.13543543543543535       0.34459693124365187     
  0.13693693693693687       0.34463424438789686     
  0.13843843843843839       0.34467257653431516     
  0.13993993993993992       0.34471193652453974     
  0.14144144144144144       0.34475233320020354     
  0.14294294294294285       0.34479377540293954     
  0.14444444444444438       0.34483627197438049     
  0.14594594594594590       0.34487983175615955     
  0.14744744744744742       0.34492446358990952     
  0.14894894894894894       0.34497017631726340     
  0.15045045045045036       0.34501697877985416     
  0.15195195195195188       0.34506487981931461     
  0.15345345345345340       0.34511388827727785     
  0.15495495495495493       0.34516401299537663     
  0.15645645645645645       0.34521526281524406     
  0.15795795795795786       0.34526764657851305     
  0.15945945945945939       0.34532117312681643     
  0.16096096096096091       0.34537585130178733     
  0.16246246246246243       0.34543168994505846     
  0.16396396396396395       0.34548869789826286     
  0.16546546546546537       0.34554688400303352     
  0.16696696696696689       0.34560625710100334     
  0.16846846846846841       0.34566682603380527     
  0.16996996996996994       0.34572859964307223     
  0.17147147147147146       0.34579158677043709     
  0.17297297297297287       0.34585579625753299     
  0.17447447447447439       0.34592123694599269     
  0.17597597597597592       0.34598791767744919     
  0.17747747747747744       0.34605584729353533     
  0.17897897897897896       0.34612503463588423     
  0.18048048048048038       0.34619548854612869     
  0.18198198198198190       0.34626721786590164     
  0.18348348348348342       0.34634023143683618     
  0.18498498498498495       0.34641453810056511     
  0.18648648648648647       0.34649014669872141     
  0.18798798798798788       0.34656706607293791     
  0.18948948948948940       0.34664530506484775     
  0.19099099099099093       0.34672487251608375     
  0.19249249249249245       0.34680577726827883     
  0.19399399399399397       0.34688802816306602     
  0.19549549549549550       0.34697163404207815     
  0.19699699699699691       0.34705660374694824     
  0.19849849849849843       0.34714294611930913     
  0.19999999999999996       0.34723067000079383     
  0.20150150150150137       0.34731978423303539     
  0.20300300300300300       0.34741029765766651     
  0.20450450450450441       0.34750221911632034     
  0.20600600600600605       0.34759555745062970     
  0.20750750750750746       0.34769032150222751     
  0.20900900900900887       0.34778652011274686     
  0.21051051051051051       0.34788416212382051     
  0.21201201201201192       0.34798325637708144     
  0.21351351351351355       0.34808381171416269     
  0.21501501501501497       0.34818583697669714     
  0.21651651651651638       0.34828934100631770     
  0.21801801801801801       0.34839433264465730     
  0.21951951951951942       0.34850082073334898     
  0.22102102102102106       0.34860881411402556     
  0.22252252252252247       0.34871832162832006     
  0.22402402402402388       0.34882935211786531     
  0.22552552552552552       0.34894191442429434     
  0.22702702702702693       0.34905601738924014     
  0.22852852852852856       0.34917166985433551     
  0.23003003003002997       0.34928888066121350     
  0.23153153153153139       0.34940765865150697     
  0.23303303303303302       0.34952801266684891     
  0.23453453453453443       0.34964995154887230     
  0.23603603603603607       0.34977348413920994     
  0.23753753753753748       0.34989861927949495     
  0.23903903903903889       0.35002536581136007     
  0.24054054054054053       0.35015373257643839     
  0.24204204204204194       0.35028372841636279     
  0.24354354354354357       0.35041536217276620     
  0.24504504504504498       0.35054864268728159     
  0.24654654654654640       0.35068357880154183     
  0.24804804804804803       0.35082017935718007     
  0.24954954954954944       0.35095845319582886     
  0.25105105105105108       0.35109840915912155     
  0.25255255255255249       0.35124005608869080     
  0.25405405405405390       0.35138340282616964     
  0.25555555555555554       0.35152845821319118     
  0.25705705705705695       0.35167523109138799     
  0.25855855855855858       0.35182373030239333     
  0.26006006006005999       0.35197396468784004     
  0.26156156156156141       0.35212594308936090     
  0.26306306306306304       0.35227967434858914     
  0.26456456456456445       0.35243516730715740     
  0.26606606606606609       0.35259243080669894     
  0.26756756756756750       0.35275147368884635     
  0.26906906906906891       0.35291230479523283     
  0.27057057057057055       0.35307493296749126     
  0.27207207207207196       0.35323936704725445     
  0.27357357357357359       0.35340561587615554     
  0.27507507507507500       0.35357368829582730     
  0.27657657657657642       0.35374359314790271     
  0.27807807807807805       0.35391533927401486     
  0.27957957957957946       0.35408893551579645     
  0.28108108108108110       0.35426439071488064     
  0.28258258258258251       0.35444171371290012     
  0.28408408408408392       0.35462091335148810     
  0.28558558558558556       0.35480199847227728     
  0.28708708708708697       0.35498497791690070     
  0.28858858858858860       0.35516986052699140     
  0.29009009009009001       0.35535665514418219     
  0.29159159159159165       0.35554537061010605     
  0.29309309309309306       0.35573601576639585     
  0.29459459459459447       0.35592859945468458     
  0.29609609609609611       0.35612313051660527     
  0.29759759759759752       0.35631961779379073     
  0.29909909909909915       0.35651807012787401     
  0.30060060060060056       0.35671849636048786     
  0.30210210210210198       0.35692090533326543     
  0.30360360360360361       0.35712530588783953     
  0.30510510510510502       0.35733170686584309     
  0.30660660660660666       0.35754011710890921     
  0.30810810810810807       0.35775054545867069     
  0.30960960960960948       0.35796300075676046     
  0.31111111111111112       0.35817749184481151     
  0.31261261261261253       0.35839402756445671     
  0.31411411411411416       0.35861261675732914     
  0.31561561561561557       0.35883326826506162     
  0.31711711711711699       0.35905599092928708     
  0.31861861861861862       0.35928079359163850     
  0.32012012012012003       0.35950768509374881     
  0.32162162162162167       0.35973667427725109     
  0.32312312312312308       0.35996776998377794     
  0.32462462462462449       0.36020098105496268     
  0.32612612612612613       0.36043631633243789     
  0.32762762762762754       0.36067378465783684     
  0.32912912912912917       0.36091339487279223     
  0.33063063063063058       0.36115515581893709     
  0.33213213213213200       0.36139907633790436     
  0.33363363363363363       0.36164516527132701     
  0.33513513513513504       0.36189343146083797     
  0.33663663663663668       0.36214388374807011     
  0.33813813813813809       0.36239653097465629     
  0.33963963963963950       0.36265138198222974     
  0.34114114114114114       0.36290844561242314     
  0.34264264264264255       0.36316773070686953     
  0.34414414414414418       0.36342924610720184     
  0.34564564564564559       0.36369300065505300     
  0.34714714714714701       0.36395900319205593     
  0.34864864864864864       0.36422726255984361     
  0.35015015015015005       0.36449778760004892     
  0.35165165165165169       0.36477058715430488     
  0.35315315315315310       0.36504567006424438     
  0.35465465465465451       0.36532304517150033     
  0.35615615615615615       0.36560272131770571     
  0.35765765765765756       0.36588470734449346     
  0.35915915915915919       0.36616901209349656     
  0.36066066066066060       0.36645564440634787     
  0.36216216216216202       0.36674461312468026     
  0.36366366366366365       0.36703592709012683     
  0.36516516516516506       0.36732959514432051     
  0.36666666666666670       0.36762562612889416     
  0.36816816816816811       0.36792402888548070     
  0.36966966966966952       0.36822481225571313     
  0.37117117117117115       0.36852798508122442     
  0.37267267267267257       0.36883355620364727     
  0.37417417417417420       0.36914153446461495     
  0.37567567567567561       0.36945192870576027     
  0.37717717717717703       0.36976474776871610     
  0.37867867867867866       0.37008000049511547     
  0.38018018018018007       0.37039769572659120     
  0.38168168168168171       0.37071784230477645     
  0.38318318318318312       0.37104044907130385     
  0.38468468468468453       0.37136552486780655     
  0.38618618618618616       0.37169307853591754     
  0.38768768768768758       0.37202311891726958     
  0.38918918918918921       0.37235565485349575     
  0.39069069069069062       0.37269069518622888     
  0.39219219219219204       0.37302824875710189     
  0.39369369369369367       0.37336832440774792     
  0.39519519519519508       0.37371093097979968     
  0.39669669669669672       0.37405607731489032     
  0.39819819819819813       0.37440377225465254     
  0.39969969969969954       0.37475402464071939     
  0.40120120120120117       0.37510684331472394     
  0.40270270270270259       0.37546223711829896     
  0.40420420420420422       0.37582021489307749     
  0.40570570570570563       0.37618078548069223     
  0.40720720720720704       0.37654395772277643     
  0.40870870870870868       0.37690974046096293     
  0.41021021021021009       0.37727814253688452     
  0.41171171171171173       0.37764917279217447     
  0.41321321321321314       0.37802284006846526     
  0.41471471471471455       0.37839915320739026     
  0.41621621621621618       0.37877812105058217     
  0.41771771771771760       0.37915975243967392     
  0.41921921921921923       0.37954405621629866     
  0.42072072072072064       0.37993104122208904     
  0.42222222222222228       0.38032071629867825     
  0.42372372372372369       0.38071309028769901     
  0.42522522522522510       0.38110817203078440     
  0.42672672672672673       0.38150597036956735     
  0.42822822822822815       0.38190649414568079     
  0.42972972972972978       0.38230975220075764     
  0.43123123123123119       0.38271575337643077     
  0.43273273273273261       0.38312450651433327     
  0.43423423423423424       0.38353602045609803     
  0.43573573573573565       0.38395030404335784     
  0.43723723723723729       0.38436736611774586     
  0.43873873873873870       0.38478721552089484     
  0.44024024024024011       0.38520986109443783     
  0.44174174174174174       0.38563531168000781     
  0.44324324324324316       0.38606357611923747     
  0.44474474474474479       0.38649466325376020     
  0.44624624624624620       0.38692858192520846     
  0.44774774774774762       0.38736534097521547     
  0.44924924924924925       0.38780494924541409     
  0.45075075075075066       0.38824741557743725     
  0.45225225225225230       0.38869274881291793     
  0.45375375375375371       0.38914095779348901     
  0.45525525525525512       0.38959205136078345     
  0.45675675675675675       0.39004603835643420     
  0.45825825825825817       0.39050292762207423     
  0.45975975975975980       0.39096272799933646     
  0.46126126126126121       0.39142544832985371     
  0.46276276276276263       0.39189109745525907     
  0.46426426426426426       0.39235968421718553     
  0.46576576576576567       0.39283121745726585     
  0.46726726726726731       0.39330570601713311     
  0.46876876876876872       0.39378315873842001     
  0.47027027027027013       0.39426358446275983     
  0.47177177177177176       0.39474699203178532     
  0.47327327327327318       0.39523339028712945     
  0.47477477477477481       0.39572278807042510     
  0.47627627627627622       0.39621519422330531     
  0.47777777777777763       0.39671061758740289     
  0.47927927927927927       0.39720906700435088     
  0.48078078078078068       0.39771055131578226     
  0.48228228228228232       0.39821507936332989     
  0.48378378378378373       0.39872265998862666     
  0.48528528528528514       0.39923330203330565     
  0.48678678678678677       0.39974701433899962     
  0.48828828828828819       0.40026380574734166     
  0.48978978978978982       0.40078368509996476     
  0.49129129129129123       0.40130666123850162     
  0.49279279279279264       0.40183274300458532     
  0.49429429429429428       0.40236193923984886     
  0.49579579579579569       0.40289425878592511     
  0.49729729729729732       0.40342971048444698     
  0.49879879879879874       0.40396830317704741     
  0.50030030030030015       0.40451004570535937     
  0.50180180180180178       0.40505494691101590     
  0.50330330330330320       0.40560301563564971     
  0.50480480480480483       0.40615426072089394     
  0.50630630630630624       0.40670869100838147     
  0.50780780780780765       0.40726631533974511     
  0.50930930930930929       0.40782714255661801     
  0.51081081081081070       0.40839118150063292     
  0.51231231231231233       0.40895844101342299     
  0.51381381381381375       0.40952892993662093     
  0.51531531531531516       0.41010265711185973     
  0.51681681681681679       0.41067963138077257     
  0.51831831831831821       0.41125986158499206     
  0.51981981981981984       0.41184335656615140     
  0.52132132132132125       0.41243012516588329     
  0.52282282282282266       0.41302017622582077     
  0.52432432432432430       0.41361351858759693     
  0.52582582582582571       0.41421016109284442     
  0.52732732732732734       0.41481011258319650     
  0.52882882882882876       0.41541338190028576     
  0.53033033033033017       0.41601997788574541     
  0.53183183183183180       0.41662990938120836     
  0.53333333333333321       0.41724318522830739     
  0.53483483483483485       0.41785981426867558     
  0.53633633633633626       0.41847980534394574     
  0.53783783783783767       0.41910316729575098     
  0.53933933933933931       0.41972990896572421     
  0.54084084084084072       0.42036003919549814     
  0.54234234234234235       0.42099356682670608     
  0.54384384384384377       0.42163050070098057     
  0.54534534534534518       0.42227084965995487     
  0.54684684684684681       0.42291462254526180     
  0.54834834834834822       0.42356182819853416     
  0.54984984984984986       0.42421247546140523     
  0.55135135135135127       0.42486657317550747     
  0.55285285285285291       0.42552413018247437     
  0.55435435435435432       0.42618515532393841     
  0.55585585585585573       0.42684965744153269     
  0.55735735735735736       0.42751764537689030     
  0.55885885885885878       0.42818912797164393     
  0.56036036036036041       0.42886411406742675     
  0.56186186186186182       0.42954261250587145     
  0.56336336336336323       0.43022463212861117     
  0.56486486486486487       0.43091018177727880     
  0.56636636636636628       0.43159927029350720     
  0.56786786786786791       0.43229190651892946     
  0.56936936936936933       0.43298809929517823     
  0.57087087087087074       0.43368785746388677     
  0.57237237237237237       0.43439118986668790     
  0.57387387387387379       0.43509810534521448     
  0.57537537537537542       0.43580861274109961     
  0.57687687687687683       0.43652272089597610     
  0.57837837837837824       0.43724043865147688     
  0.57987987987987988       0.43796177484923504     
  0.58138138138138129       0.43868673833088323     
  0.58288288288288292       0.43941533793805476     
  0.58438438438438434       0.44014758251238228     
  0.58588588588588575       0.44088348089549878     
  0.58738738738738738       0.44162304192903740     
  0.58888888888888880       0.44236627445463078     
  0.59039039039039043       0.44311318731391214     
  0.59189189189189184       0.44386378934851412     
  0.59339339339339325       0.44461808940006992     
  0.59489489489489489       0.44537609631021241     
  0.59639639639639630       0.44613781892057441     
  0.59789789789789793       0.44690326607278907     
  0.59939939939939935       0.44767244660848909     
  0.60090090090090076       0.44844536936930751     
  0.60240240240240239       0.44922204319687742     
  0.60390390390390380       0.45000247693283152     
  0.60540540540540544       0.45078667941880290     
  0.60690690690690685       0.45157465949642439     
  0.60840840840840826       0.45236642600732890     
  0.60990990990990990       0.45316198779314965     
  0.61141141141141131       0.45396135369551927     
  0.61291291291291294       0.45476453255607091     
  0.61441441441441436       0.45557153321643740     
  0.61591591591591577       0.45638236451825154     
  0.61741741741741740       0.45719703530314654     
  0.61891891891891881       0.45801555441275515     
  0.62042042042042045       0.45883793068871048     
  0.62192192192192186       0.45966417297264528     
  0.62342342342342327       0.46049429010619247     
  0.62492492492492491       0.46132829093098526     
  0.62642642642642632       0.46216618428865641     
  0.62792792792792795       0.46300797902083890     
  0.62942942942942937       0.46385368396916554     
  0.63093093093093078       0.46470330797526932     
  0.63243243243243241       0.46555685988078344     
  0.63393393393393382       0.46641434852734043     
  0.63543543543543546       0.46727578275657350     
  0.63693693693693687       0.46814117141011546     
  0.63843843843843828       0.46901052332959925     
  0.63993993993993992       0.46988384735665806     
  0.64144144144144133       0.47076115233292443     
  0.64294294294294296       0.47164244710003161     
  0.64444444444444438       0.47252774049961238     
  0.64594594594594579       0.47341704137329965     
  0.64744744744744742       0.47431035856272663     
  0.64894894894894883       0.47520770090952585     
  0.65045045045045047       0.47610907725533069     
  0.65195195195195188       0.47701449644177363     
  0.65345345345345329       0.47792396731048781     
  0.65495495495495493       0.47883749870310632     
  0.65645645645645634       0.47975509946126194     
  0.65795795795795797       0.48067677842658774     
  0.65945945945945939       0.48160254444071637     
  0.66096096096096080       0.48253240634528105     
  0.66246246246246243       0.48346637298191475     
  0.66396396396396384       0.48440445319225012     
  0.66546546546546548       0.48534665581792036     
  0.66696696696696689       0.48629298970055823     
  0.66846846846846830       0.48724346368179677     
  0.66996996996996994       0.48819808660326891     
  0.67147147147147135       0.48915686730660757     
  0.67297297297297298       0.49011981463344584     
  0.67447447447447439       0.49108693742541631     
  0.67597597597597603       0.49205824452415231     
  0.67747747747747744       0.49303374477128636     
  0.67897897897897885       0.49401344700845173     
  0.68048048048048049       0.49499736007728135     
  0.68198198198198190       0.49598549281940796     
  0.68348348348348353       0.49697785407646478     
  0.68498498498498495       0.49797445269008439     
  0.68648648648648636       0.49897529750189984     
  0.68798798798798799       0.49998039735354438     
  0.68948948948948940       0.50098976108665061     
  0.69099099099099104       0.50200339754285161     
  0.69249249249249245       0.50302131556378027     
  0.69399399399399386       0.50404352399106944     
  0.69549549549549550       0.50507003166635223     
  0.69699699699699691       0.50610084743126149     
  0.69849849849849854       0.50713598012743022     
  0.69999999999999996       0.50817543859649128     
  0.70150150150150137       0.50921923168007754     
